# ra,dec,radius
152.8181274669201,-17.691006662063717,2.0
150.3833525981921,-33.04326108927795,2.0
352.25183229093045,-29.779436002303886,2.0
174.85074360973368,-23.627453015369365,2.0
149.6811639194094,-29.463706851408393,2.0
319.5178198321214,-34.22870112817704,2.0
205.91016519674622,-8.234371065828142,2.0
156.19240356520726,-18.640259406430125,2.0
12.50586461795442,0.03449928104468024,2.0
346.99773847816675,1.352716401874542,2.0
312.82152469985664,0.035767044440049335,2.0
74.70038090857064,-31.543115251563922,2.0
25.07109927100977,-0.8341590148622415,2.0
314.2175054095468,-30.244385711535386,2.0
171.8227691471969,-23.320138157254473,2.0
157.16719805072339,-29.986824557513728,2.0
160.28639352699972,-42.19955636290219,2.0
155.70206412488218,-45.895482221220476,2.0
300.06977974538904,-0.8669012824141373,2.0
344.672536896105,0.7010042726315829,2.0
25.010477670405486,-30.44914382127544,2.0
316.7000786165858,-40.334348615950496,2.0
314.7498540986363,-38.776753269410825,2.0
157.1051902305326,-34.22410184201701,2.0
160.3236295406027,-26.586227038894226,2.0
155.1756706372574,-33.83399007627319,2.0
329.3658517917474,-3.2052445223161725,2.0
75.64319034577782,-31.904303662693387,2.0
345.4132209059663,-55.78488426174897,2.0
16.722666519750696,-32.72831437441763,2.0
180.25209019782352,-20.97487286420618,2.0
201.0769997123189,-11.792860936759242,2.0
314.9006973983312,-0.17597246223942978,2.0
36.27404722982129,-33.884716008801554,2.0
316.47319569385303,-37.14456181858315,2.0
170.17058393998343,-18.798912204485912,2.0
175.65814831106258,-20.45605247119997,2.0
171.03898275409756,-18.540109638372517,2.0
169.1815896684582,-17.194855188675877,2.0
180.1873094362587,-18.995686347147792,2.0
207.30610669293137,-4.953601710744896,2.0
207.22978642454552,-9.488561599696407,2.0
205.8792268775973,-15.316371740752832,2.0
210.35058461738436,-6.719768099416888,2.0
208.69386729420506,-10.684057890909807,2.0
163.1105632902252,-38.334461192302435,2.0
154.92841660416346,-26.52548431061678,2.0
154.40485551535713,-40.10012499156397,2.0
161.41558087136073,-38.47206514166183,2.0
152.52806643607835,-45.10099041837315,2.0
338.4497536626169,-2.0470856835169693,2.0
51.22630535895587,-37.950023693657016,2.0
316.68060366549855,-58.03112921730447,2.0
310.98668825749763,0.3157746549078051,2.0
330.8130711615091,1.2891533854468642,2.0
37.47787637713116,-30.599559376424764,2.0
318.7285608645685,-39.174859270008156,2.0
320.7554266658111,-32.02042962762258,2.0
317.28810107730783,-25.741374113688334,2.0
189.02345125130523,-15.279978608715632,2.0
201.87886931948427,-14.366017963383815,2.0
163.0398557136988,-41.04693359229285,2.0
152.56072425296236,-36.68596460321509,2.0
155.15874095201355,-23.75442564314773,2.0
159.16834142834907,-30.851832037333097,2.0
158.43457784673643,-24.148744122307857,2.0
152.93903649395236,-43.139273284710306,2.0
164.16292389542795,-43.05794889072446,2.0
153.95463111288618,-42.65280626052775,2.0
44.86076224366632,-33.46027156410539,2.0
340.6693028324014,-40.724230325800185,2.0
37.99545513154192,-42.03245414235094,2.0
41.02787451513917,0.8469624920091511,2.0
305.6755357560082,-0.6705609994373294,2.0
314.7087079949556,1.047261714518239,2.0
53.62265212610798,0.10308047306115554,2.0
3.3638162881857334,0.875614770300196,2.0
1.791687271704504,0.8914261244525057,2.0
26.913386215352126,-28.883097657544933,2.0
34.866661573073486,-30.76277662129932,2.0
318.10247638771125,-41.48147711626288,2.0
318.8549187622007,-33.858906126394245,2.0
316.4335000160541,-22.83059529555446,2.0
318.82565416628546,-35.84271226182904,2.0
180.38874609809426,-17.669584927614494,2.0
152.2965908227498,-7.464725163474657,2.0
165.25553314417823,-22.452493339911037,2.0
168.1632221426315,-19.54130779811753,2.0
182.9464319629031,-2.3945391942684617,2.0
195.68164279128675,-13.931326571318333,2.0
202.51911609814462,-14.087230888069655,2.0
200.93371811191045,-12.053272612599367,2.0
204.4035163812507,-9.367173742851037,2.0
200.08450573920112,-13.476817809749736,2.0
202.53709964909785,-7.496103366777636,2.0
157.89103396413373,-41.19779496810856,2.0
156.90163714717752,-40.34581382019134,2.0
155.32350561166393,-25.44855783056095,2.0
161.33292346183788,-42.5921329690106,2.0
154.01514860085484,-31.792573806787527,2.0
153.80512055889707,-31.07637356078436,2.0
149.31522884385623,-47.65219269579898,2.0
151.6699323114353,-29.9674390940631,2.0
151.63217916768284,-47.85280312646909,2.0
153.15080873828936,-43.263968595644826,2.0
329.8270132703701,-1.9145785283687864,2.0
47.87885012806618,-31.880860044582445,2.0
67.91485862835738,-30.253920172505676,2.0
3.79253884171062,-0.8465181163652914,2.0
46.20769411378219,-0.13705075686612653,2.0
329.8417816331468,-0.3786506103901121,2.0
37.39285969594509,-0.10898277434681816,2.0
20.609179383725586,-0.12488451775286076,2.0
301.7862341400093,-0.6393450910005871,2.0
23.886295223302145,-29.867049629249035,2.0
331.6219125631093,-29.612169870699933,2.0
5.89614896962404,-28.912617609055058,2.0
18.34876748267007,-32.12964060010438,2.0
29.619741930590024,-32.537010129920986,2.0
332.33501896121146,-26.72601582038612,2.0
8.836149070696484,-34.259892653128354,2.0
319.89148415634423,-33.530233828130754,2.0
316.3272487178955,-24.69943282216514,2.0
160.4699425419947,-20.472924667270128,2.0
157.46364486567506,-18.34956279905785,2.0
156.80001968091793,-33.23718440512215,2.0
164.7459588212315,-31.60947413507693,2.0
153.94018013422314,-35.54128591419091,2.0
164.0035621449678,-25.5649360740261,2.0
153.83684341889077,-28.590313568926405,2.0
156.77427199442948,-43.72812711312928,2.0
164.497701542229,-32.9825465802346,2.0
324.20730055187585,-1.481159088195661,2.0
38.09743982329523,-44.00090404039177,2.0
339.5968891921001,-0.9522680134427639,2.0
349.42752127421284,0.093129280239253,2.0
0.6279554824066291,0.8331230804411939,2.0
344.2395108573992,-0.4178591489560449,2.0
333.88574209843875,-28.301075647502866,2.0
33.9339774403445,-31.651234279166523,2.0
349.64482561551324,-31.254069336750398,2.0
332.493350687485,-27.44098095621957,2.0
314.9896989117314,-21.65968492556584,2.0
316.0495452877181,-28.12880490761528,2.0
154.59066905330377,-21.66882025656446,2.0
164.45805718459255,-21.949653145265444,2.0
178.75898669003433,-22.73940461818839,2.0
153.26230543451697,-5.501834858391281,2.0
170.13257866979768,-19.799145033212316,2.0
170.73371282684457,-24.477778759771486,2.0
178.29380263385738,-0.771060586248677,2.0
185.37906214223312,1.124474721489336,2.0
183.45066607468814,-14.527724205692659,2.0
204.7882876783339,-8.327997709939716,2.0
206.44397433183,-14.462916160895166,2.0
210.3261064475697,-4.930110160295716,2.0
208.74646869233905,-10.705282213024404,2.0
154.5059687858521,-42.00491806281544,2.0
164.97300347862978,-31.72613193883352,2.0
158.6222802111339,-33.89994773290312,2.0
151.65069547344336,-33.32116194038421,2.0
159.9998687263755,-47.023971746909325,2.0
300.04527813224405,-0.6751174045555544,2.0
150.9246975604601,-15.135802684821309,2.0
191.10127970562772,-14.464772270334322,2.0
194.80846312844304,-19.41901300912656,2.0
194.67910516895793,-18.36012955869808,2.0
158.876381000515,-18.346558470486237,2.0
180.52810919054875,-23.051671253398336,2.0
160.9775297560119,-17.75830850106541,2.0
155.66642433355923,-30.49182167237173,2.0
68.05701257992376,-32.92860400652713,2.0
4.174451424491121,-31.44905004903269,2.0
205.92765942009166,-10.853798580410384,2.0
163.57652084626787,-31.857942454373873,2.0
223.81003696571864,-22.080849393975328,2.0
318.7211886125327,-0.9778373013834242,2.0
172.8932131219301,-21.2858565719249,2.0
168.17009089961917,-21.44320411325587,2.0
163.5446065016192,-40.827450556706225,2.0
155.41380758679867,-28.379862198526766,2.0
62.85540327584038,-37.57125080588128,2.0
46.55298185202796,1.3659244829765937,2.0
312.4859068430339,-0.20047242424500933,2.0
193.8009551430851,-18.248357797186106,2.0
23.73939494562232,-28.966939854710542,2.0
165.7851288649154,-22.936569585721806,2.0
151.0472398027255,-6.53299742058619,2.0
165.90237819943616,-21.629405520763783,2.0
181.74058353791148,-14.364053161829498,2.0
62.877144254160285,-33.89197020875841,2.0
347.231188850614,0.6182549476788003,2.0
7.416749471161749,1.0913027872498264,2.0
326.4167001057865,-29.32690805408077,2.0
170.43590074946013,-23.586486727381168,2.0
172.39697543646443,-23.35687384364398,2.0
159.5631721304443,-21.855678577834077,2.0
160.063563195022,-46.908541614037084,2.0
163.27411690715056,-23.84018771544694,2.0
348.88240046675367,-30.813531857016685,2.0
204.0776714159391,-7.3810632714249085,2.0
184.73251321873698,2.0005938638657152,2.0
58.545733944958556,-39.39399150176758,2.0
50.97988503631892,-31.833768160835255,2.0
325.68402821227966,-47.29137010940606,2.0
313.6108180900459,1.2015389972968207,2.0
324.53663582536615,-1.3736253157838896,2.0
345.9651406629765,1.11426658072561,2.0
319.943926795453,-0.7161060118266569,2.0
300.4053938957039,-0.9943308002154408,2.0
30.31471271654344,0.5264157435180954,2.0
311.68032152939907,-0.10837335233777179,2.0
322.71159592029403,0.6608489833911495,2.0
323.408936906668,1.4413770493499045,2.0
313.5563698434336,-0.24201815872510682,2.0
6.417469975537349,-0.25867434438133013,2.0
194.71243591833777,-18.90845847504356,2.0
195.18553560342346,-17.191031612458644,2.0
192.77672014385718,-19.161583014906782,2.0
10.177306942276838,-29.181831140665842,2.0
338.2155980841278,-30.54711277145381,2.0
24.702990826631446,-32.48107357405328,2.0
333.11669108174385,-24.150345853892347,2.0
11.987873638081412,-30.442696957879964,2.0
315.5691454421422,-37.51032797790914,2.0
316.8945372320741,-42.550035347095985,2.0
316.7366036633568,-21.511500463085074,2.0
314.69373254420435,-36.169054358088495,2.0
317.8757300093053,-35.87529701594248,2.0
316.539856653415,-47.71299393229323,2.0
315.85900009852736,-31.38183173771749,2.0
318.22802463911324,-30.668410896836395,2.0
317.3670156182246,-32.10003462626739,2.0
151.59289960192226,-16.90725233357799,2.0
153.37807709430936,-7.145294954037163,2.0
153.723702515339,-20.506568739081867,2.0
151.894380024813,-20.292330786813192,2.0
152.38017893701422,-21.662700412557097,2.0
179.2975746574458,-21.26898834654455,2.0
152.81554842780966,-17.79902685364589,2.0
180.34692325828544,0.47457887847941965,2.0
175.1466418949107,1.5939247173250781,2.0
175.90807505649005,0.8057196588538789,2.0
174.81294178909653,1.1359646135217325,2.0
182.38402371553212,-2.8387282265792586,2.0
173.86843898709634,-1.1732257862747921,2.0
183.76774939904612,-15.258407238092195,2.0
201.61404833529014,-13.696386681213617,2.0
206.1007509486805,-4.009087977348028,2.0
150.18477170161344,-35.42167629637124,2.0
152.74776459377148,-36.064115808007664,2.0
160.0612612915911,-33.77757042826481,2.0
152.40064265681505,-44.1589715877771,2.0
161.22464879948174,-24.74471124618602,2.0
154.56578570463736,-47.25495067822403,2.0
154.77874562281454,-44.51148662696911,2.0
151.17415349476212,-40.82604997272609,2.0
154.24595220693223,-41.06237174233288,2.0
156.5085972776564,-46.174344659094885,2.0
158.49780616565397,-30.507192558186418,2.0
158.87593706522492,-24.109974038834004,2.0
158.00157170847902,-47.07169831292459,2.0
158.8848417270248,-46.57005131586814,2.0
150.84845654399967,-47.17384986566022,2.0
153.47178991663608,-29.294384940627182,2.0
152.8880640265428,-42.09687432852566,2.0
150.64877053286628,-33.85234908682475,2.0
159.40928506180538,-43.24492827419765,2.0
152.48015009360023,-46.37643828069124,2.0
151.09317200168718,-32.43900502355144,2.0
328.08176535248805,-2.0652220859023367,2.0
334.0131661783021,-1.7820701922332376,2.0
59.14014798995329,-38.63571522809396,2.0
63.069027085881494,-33.550370301593475,2.0
316.0076143384944,0.03591880694255352,2.0
324.59010289606033,-1.3707793318028543,2.0
338.66637521384126,0.6909664418071105,2.0
304.4400106528398,0.03626398611630084,2.0
304.93871078553326,0.04675760004400622,2.0
315.8375085837754,0.5862784074970473,2.0
31.322908152538478,1.2030121061937862,2.0
300.67059829952507,-0.4641226590990018,2.0
300.86082216553325,-0.765090882378296,2.0
301.08418962540094,-1.1362673428437025,2.0
301.0385160630706,-0.06294415500010929,2.0
300.6738330735259,-0.02520313613998483,2.0
301.0239178565511,-0.058816908635354985,2.0
332.21654479357403,-1.1010212789856892,2.0
341.8715948722631,0.4312362304896879,2.0
310.2489476266559,0.03400163727067466,2.0
347.4423475040321,0.013615375964205508,2.0
309.11402542618754,0.040909386376134234,2.0
301.3750795919532,-1.1692244793879858,2.0
337.9771556201932,0.4740770469146178,2.0
48.53427858851096,0.5099320250993847,2.0
5.3969578009034045,-31.405286583477512,2.0
334.9272437679506,-26.292910043377532,2.0
28.10776950117924,-32.25675605689198,2.0
28.44276539817578,-29.23217337589091,2.0
315.5375247597032,-22.722531695759468,2.0
318.72782936259694,-35.99199854770446,2.0
315.61712855887646,-40.539518163351055,2.0
318.5712126294925,-38.11268618202843,2.0
166.8270959044516,-20.346600277198398,2.0
149.84191035434623,-19.069382692413807,2.0
172.420831155144,-20.197600920599868,2.0
157.48702648692716,-19.81196419731568,2.0
178.2542093178735,-22.44283513556722,2.0
162.7721639215435,-17.586195369073653,2.0
163.67740943049023,-22.88592111006189,2.0
153.17302787253024,-21.9823459107073,2.0
174.70396229152962,2.0518388365623146,2.0
179.5288295948278,-0.710595059654891,2.0
182.59374383367492,0.8339468327896736,2.0
206.03496726666822,-8.539600025429044,2.0
207.27368288384739,-8.821014702592953,2.0
202.5153884348647,-7.652799352150382,2.0
209.33268950229336,-15.485738170445448,2.0
193.66842223396813,-14.378990668761773,2.0
199.310560065341,-14.346460480413045,2.0
208.6040277496671,-1.1540981962353478,2.0
208.8132662953768,0.8771824943643223,2.0
209.8335641742529,-5.289298286562812,2.0
152.8661958049882,-36.70223262483374,2.0
164.61217062792727,-46.56435740727926,2.0
165.75493734857727,-45.81738578725057,2.0
151.7569587625726,-28.673315009221454,2.0
155.5766427328921,-39.22972938787124,2.0
150.94489649732506,-44.85149538085336,2.0
160.3059466118383,-25.9827506330107,2.0
160.6614372217797,-46.61593635907824,2.0
153.06039140711908,-30.289304866178764,2.0
151.42201661768573,-40.54558370118682,2.0
154.73766511301267,-40.940561189500436,2.0
157.29148612931195,-30.111629847641346,2.0
156.7734881966567,-32.3620261458089,2.0
154.7386812762612,-29.383443548516926,2.0
151.1546734919222,-42.85185757818716,2.0
152.77131855577318,-30.860879564387194,2.0
162.8333065681279,-42.86552420409957,2.0
151.80343143471183,-35.63381587813842,2.0
152.59194369097767,-25.139021498290298,2.0
164.74795943400434,-40.139094529936386,2.0
152.339966894919,-38.393456033535806,2.0
152.96126161720716,-28.99768795387461,2.0
164.14163994104857,-44.88637707735251,2.0
156.53795332575402,-42.436888606212435,2.0
150.60854505351435,-23.17905742568279,2.0
163.41309908791095,-34.09039295086772,2.0
154.33341975498936,-46.297346708925346,2.0
154.57486864649061,-45.92506665040029,2.0
324.2734111286615,-2.0152058362467775,2.0
338.13430721956706,-1.8199677081971013,2.0
59.61150464189447,-33.3300308614873,2.0
51.052355816318034,-32.574963338737746,2.0
52.54792742576738,-33.84045116496162,2.0
214.93097028504337,-25.627419995825296,2.0
216.7245347178442,5.421495966728137,2.0
348.39379874234254,-38.14391347186034,2.0
324.8565425689696,1.3959856038859333,2.0
313.64835113069375,0.07978216981898206,2.0
324.6064342655079,-1.374599527802363,2.0
300.64271942909875,-1.2288787838028161,2.0
300.57423786264445,-1.1480957657389617,2.0
300.61295649581785,-0.9577938176766418,2.0
300.8351460200155,-0.24933768077349852,2.0
342.4836663184702,0.038431612886878214,2.0
303.5549852651222,0.43068702958495736,2.0
302.7670575767885,0.9219467987098838,2.0
306.354357763629,-0.8956927070821699,2.0
315.05879832773167,0.7460919799647099,2.0
311.4979776058448,-0.5105693590826251,2.0
312.2564163388609,0.3761428513516615,2.0
311.52256853837525,0.6966170395847394,2.0
310.398826705978,0.7744426039660356,2.0
20.757412140628695,0.056552555358909476,2.0
34.18756480158774,0.14521142113014263,2.0
308.75613893190194,-0.32953453410783073,2.0
47.554765406080875,-0.9875952389874695,2.0
2.7306881758399904,-30.739852073510534,2.0
25.764557663482428,-29.88188949191848,2.0
337.80812689962085,-31.33455219401752,2.0
332.8643916631728,-24.77740497521673,2.0
18.880051383628203,-29.48856597322017,2.0
14.162698397718227,-31.96627152132016,2.0
347.53311979435983,-29.027927735177585,2.0
324.03688339701273,-29.369521243922833,2.0
318.85455450949473,-33.49874683720543,2.0
316.98812726041086,-40.288545932554854,2.0
315.6481961466192,-31.913827469466657,2.0
316.30574202280434,-26.057728139332315,2.0
151.83334031277786,-8.577521587811994,2.0
157.39313956567818,-21.93666364951833,2.0
173.70304403292303,-20.661757288721585,2.0
152.13849511429348,-19.623063309986378,2.0
168.3145482143917,-17.226874216511824,2.0
151.06712112260527,-4.724814772974634,2.0
156.86817095162536,-19.61764938135883,2.0
152.14942528629038,-21.660979463820848,2.0
173.49807333847835,-19.294768760553467,2.0
173.67099237248956,-24.272610073199125,2.0
174.34240673564196,1.816372111607291,2.0
174.05290786239414,0.08191360027727358,2.0
179.66214199100975,-2.13252384921718,2.0
207.29155232380174,-10.46520030445848,2.0
200.17250361488283,-11.20686258840912,2.0
204.3499098551942,-8.85872643165868,2.0
164.16658661287585,-46.874553943454394,2.0
151.2042251110183,-35.662840176543284,2.0
162.96858900090632,-29.035670896382356,2.0
158.86374998540282,-32.493190938039284,2.0
161.21908678807327,-37.041921047761456,2.0
164.2934441287257,-27.188397105147946,2.0
153.21088361052875,-30.36372048197103,2.0
151.53577166930958,-42.366641318626215,2.0
151.9968151080678,-43.289398354410366,2.0
153.0599061015559,-34.6050685462672,2.0
164.58290765148365,-35.14818120455806,2.0
164.9409920559074,-39.82898402211724,2.0
149.8062938688626,-38.38155453914861,2.0
159.61754062520558,-27.593950989725744,2.0
154.63887787073313,-37.38134402220933,2.0
160.73840659291355,-28.349689510402136,2.0
154.42045082881694,-45.25780644238158,2.0
154.00823006583937,-44.36873494349426,2.0
150.57273649863683,-28.960451512081498,2.0
150.52853172463816,-36.506966469988974,2.0
154.4247360542644,-36.013941949013415,2.0
328.68652388503295,-2.6365998811838343,2.0
351.46448670155314,-1.6732732825345382,2.0
329.65210665791756,-1.3832738894120693,2.0
324.2877700819586,-2.7068508635512485,2.0
61.324627000901984,-38.240263918032994,2.0
55.03064069232163,-33.70085828714741,2.0
70.90506597528633,-32.10941199742046,2.0
70.46275263354292,-31.940913802504326,2.0
57.36730451491032,-37.34182228296939,2.0
38.73393727058514,-38.51165406682597,2.0
222.29279853790808,-24.955547707805426,2.0
317.3195321066194,-58.64552794618194,2.0
322.8730471709395,-45.697352338099286,2.0
333.3395857236574,-48.669021769087095,2.0
29.582354760329807,-0.206123068723385,2.0
13.311769145148821,-0.08647841426298362,2.0
316.35655840925625,-0.6555987965032701,2.0
312.6065673597215,0.6070983023543645,2.0
9.342361420176386,-0.19460096082617334,2.0
24.655329021886622,0.47179259599676493,2.0
330.3021992244482,-1.3612395358874074,2.0
27.33969542295298,-0.5391525524002503,2.0
337.81326404857106,0.011995023856550853,2.0
47.388386174322825,0.17134553804322145,2.0
304.3242712406899,0.4895219909301719,2.0
301.02101363430523,-1.2760801925076524,2.0
301.02447198612487,-1.2660192080573494,2.0
299.86737767113306,-0.7640989079505204,2.0
300.8389405310965,-0.9939302058730131,2.0
300.1485242900875,0.03556294290229076,2.0
300.7449162628144,-0.5350123804020057,2.0
300.94389692591227,-0.3853541670062817,2.0
300.9791372555072,-0.3065463862876692,2.0
300.7738985762336,-0.29685510725566583,2.0
331.37225331383246,-0.5196269942518518,2.0
327.3774805911879,-1.3517377384547447,2.0
327.54385873207247,-0.16682656475967428,2.0
306.7810825511903,-1.0265690672710412,2.0
327.1947037837981,1.0109773517039444,2.0
318.65305871869106,-1.3417087196890056,2.0
313.466816984702,-0.26707656017662645,2.0
312.8074654144251,0.032281583335965404,2.0
43.96117970702898,-0.7349344276911398,2.0
340.6140002670985,1.1241044681917287,2.0
346.4341260460739,-0.42555018432334146,2.0
301.1929983742486,-1.0798779864678403,2.0
330.18859162143974,1.4427121780449559,2.0
11.14461201816371,0.6980223578602724,2.0
193.04975799851655,-16.222145090483526,2.0
194.1993621632543,-16.808852800607994,2.0
196.26823304408515,-18.045208192802576,2.0
20.46746328553068,-33.937725015878605,2.0
36.90951623742346,-31.607345845404307,2.0
334.73984933974856,-27.790152705187975,2.0
332.45263484436884,-30.23217545253064,2.0
340.40427140562963,-31.287837518439893,2.0
38.62939367305272,-34.4210627915517,2.0
32.96830036476228,-33.03846436635994,2.0
342.68090155880117,-31.141854597890084,2.0
14.209703412036637,-27.177520003118193,2.0
343.54646400880233,-31.45314972730561,2.0
38.24581503354316,-33.857833507890355,2.0
318.00583530810815,-43.54239970298534,2.0
319.71832086946694,-26.412543297355935,2.0
320.8344572333585,-27.84174476463774,2.0
316.37446585265695,-32.80215612105248,2.0
314.80279596235704,-39.18468750982588,2.0
170.20651116818644,-18.715572764825883,2.0
180.66098151470058,-17.045516701112863,2.0
160.7400218992862,-18.81876574522234,2.0
176.7395653362332,-21.144773665656242,2.0
172.08082137682499,-22.294974333904083,2.0
172.868588307185,-19.984109513037335,2.0
156.81448237839354,-19.892552637448443,2.0
149.79152700746138,-15.742351364341472,2.0
152.85700644786448,-15.214439479802493,2.0
150.8678518659939,-18.383946059837726,2.0
151.14568695832713,-12.403767979190572,2.0
160.0787427074991,-21.638725959665823,2.0
156.58111865670887,-14.80454341566838,2.0
183.81343790615867,-1.5946745490378627,2.0
184.52327797119065,-2.251013322397389,2.0
186.02626911438938,0.7501115320338491,2.0
184.85445840453707,-13.534349605842149,2.0
191.72446460455248,-14.618408271206404,2.0
205.74253262440803,-7.976273233029926,2.0
203.0250395434761,-8.129659552201225,2.0
208.21190691161,-7.2889057141190525,2.0
201.03658613768138,-14.610930357652853,2.0
206.07297920976265,-6.638938661129195,2.0
200.327260214908,-13.486646724208379,2.0
203.68593033082473,-11.481364217966735,2.0
203.37440372348217,-12.41756662840063,2.0
206.95757353263463,-4.169611778952146,2.0
209.90759829999908,-10.397527607814565,2.0
208.225166232177,-12.183496656626438,2.0
198.2623418309689,-12.409557092499606,2.0
202.95972857668994,-11.00061998528268,2.0
202.48722542118637,-10.838685365260893,2.0
165.64269720841753,-38.02671535773152,2.0
159.61948722208078,-23.25785886604726,2.0
151.52335579734944,-44.16054904532799,2.0
160.76391494945824,-40.59424732148429,2.0
153.99297118154576,-47.969198865203865,2.0
154.33426791824732,-46.69180271339441,2.0
157.9802219963947,-33.90828731046859,2.0
156.49495102074565,-29.84792173902913,2.0
159.2494385127868,-31.274236488362952,2.0
160.36092599439547,-38.15779163491133,2.0
164.33749407724588,-42.12130132639493,2.0
155.8122937622803,-36.76703853302927,2.0
159.36586156410385,-42.254346711958256,2.0
160.81556375900743,-41.56718048637812,2.0
159.92679011927365,-42.1514262498091,2.0
156.93890818575144,-43.57839654916231,2.0
153.08966724621115,-38.77302474826801,2.0
151.52282823303076,-33.2753071208131,2.0
151.82572979436222,-33.69794347874414,2.0
164.25342575635423,-34.54181464067612,2.0
161.84960610101908,-41.99703765702019,2.0
155.02340022061236,-37.102455452972016,2.0
151.05726794621046,-47.07188406954049,2.0
154.359434392406,-45.242455950627225,2.0
156.04175865950393,-41.907604191533736,2.0
159.06359426944306,-33.535955631385264,2.0
153.22970750264014,-46.102874461900655,2.0
154.24045858573322,-46.62142542913833,2.0
154.16018979002806,-46.56155111721521,2.0
352.3728601252638,-1.5293439857248856,2.0
330.67753876061363,-1.4244675396774724,2.0
324.9065914699761,-2.6536034951853305,2.0
325.3110575446685,-2.549970555503965,2.0
335.0489989956246,-1.9918623714489352,2.0
328.57103529651795,-1.8316155178774325,2.0
328.25220626751053,-1.8080989581072542,2.0
326.74504740113224,-2.704120633368911,2.0
55.55194367753929,-37.658014631318046,2.0
65.0154524171883,-36.55407212529337,2.0
55.555561856393524,-33.41326515987398,2.0
58.87662639118911,-38.86880451684173,2.0
61.52075157560391,-37.67020142522169,2.0
67.14366322192994,-30.80043869011771,2.0
50.46706107226198,-31.153930849410905,2.0
150.56596957389203,-0.18215733522440825,2.0
31.14774462904211,-45.99000661095606,2.0
172.50842865507803,-12.037037868255615,2.0
46.68059810661236,-55.0910621665049,2.0
347.397754978412,-38.199954813044265,2.0
37.209294220925706,-44.33680648641513,2.0
1.6665698868686651,0.04747741129990639,2.0
341.41642030705873,-0.4054482118161328,2.0
349.2168428172675,0.8571987065141106,2.0
16.580131544341818,0.8064950808416276,2.0
300.8428732489282,-1.2907212825143126,2.0
300.8816612177946,-0.4445890512196623,2.0
300.99423014589166,-0.41252596085091664,2.0
300.98773827599746,-1.0874824643369292,2.0
301.0697180983808,-0.39164585113364914,2.0
300.72092021585337,-0.7350331530119552,2.0
300.88282449892483,-0.7204707029522968,2.0
301.04897567374724,0.03927539240252442,2.0
300.497074867526,-0.6095953312756764,2.0
300.90410502231487,-0.04953571986333898,2.0
300.90812676553674,-0.5331766050948025,2.0
303.5524797897729,0.666620131055657,2.0
342.2838783004201,0.8050165002519599,2.0
327.5112425223878,1.2288440704579693,2.0
343.4952075319428,-1.289144725738761,2.0
32.34166379711758,-0.9153964683450351,2.0
310.0762348392171,0.03708430878809639,2.0
310.91682422695794,0.481551561964735,2.0
300.4874973119102,0.5204248823791014,2.0
299.72437138027414,0.6826677140164086,2.0
5.0995881146899515,0.47227859493248264,2.0
54.57796884086466,0.19823028732953893,2.0
352.41857674347625,0.6706256442230438,2.0
322.4459448250351,0.0001958674232308637,2.0
318.1915872626275,0.6022337565807521,2.0
307.54017970852857,0.9470425189894159,2.0
21.067433955055776,-32.20603385094096,2.0
347.3096188733344,-30.986794418426523,2.0
335.3067522132758,-28.07246239885318,2.0
24.3725070057774,-32.12103455786598,2.0
19.480725401467925,-34.759450016313956,2.0
12.704553984537661,-35.32281150790576,2.0
331.2684098256359,-24.554909705235747,2.0
345.6476494287596,-28.941580257566937,2.0
15.901315572436047,-30.17773117966996,2.0
4.33362728383904,-30.79774330171561,2.0
30.059015260305173,-29.74622384388247,2.0
333.08537864785336,-26.889989768269853,2.0
29.149271028840126,-28.20801338455971,2.0
30.070720875882834,-33.80434721376681,2.0
317.73469362459645,-37.97937735800619,2.0
30.24502774425558,-32.95707662666413,2.0
320.47632059900116,-34.01092575185566,2.0
320.07884606214196,-33.164246001254064,2.0
318.5461777966166,-24.267540361812284,2.0
317.6373777003359,-25.569737185618095,2.0
316.07809698256983,-24.321055197638227,2.0
316.4120535567434,-35.57462618104087,2.0
315.86700287133476,-36.63468803069853,2.0
321.89068762422187,-29.16805570135933,2.0
318.9599439823258,-37.37003380116829,2.0
316.4538423121035,-41.63963878136685,2.0
159.60924665839354,-19.098390683601476,2.0
157.12900130331832,-16.320215163623836,2.0
157.1827613944662,-16.21759565677345,2.0
175.5145118795228,-17.134776808220042,2.0
171.20959290728663,-21.505975597215368,2.0
179.97301894613736,-23.535309753631786,2.0
166.92684686544797,-22.378917081608428,2.0
174.45820819375535,-20.1269725960127,2.0
173.07177240626325,-20.95173488814178,2.0
154.60991925945083,-21.04648934946406,2.0
175.16838548521974,-22.769741203504857,2.0
171.5197650884042,-19.18549272993258,2.0
153.58893890848816,-19.62479346546132,2.0
155.96476276969537,-15.935014949318253,2.0
179.91549594149362,-18.66412114885025,2.0
153.89152888638506,-17.820732733164498,2.0
161.50794007911296,-19.49165524672934,2.0
149.53264998713317,-12.909037624093333,2.0
153.9864382240741,-9.760066214839517,2.0
165.8880386486634,-23.561093149508935,2.0
155.31527239101098,-19.06728599948269,2.0
153.800096080426,-17.208872056858574,2.0
152.8941123562463,-17.840076197048788,2.0
183.10416024222388,-2.867113065128086,2.0
187.05079920247883,-0.9389199532023235,2.0
179.4500979791226,1.722464633451602,2.0
206.17157205454262,-9.902117533630848,2.0
201.46063700505832,-7.843817532219443,2.0
207.16670601170892,-9.986652574888284,2.0
205.90212433446217,-15.3740463904692,2.0
196.84091911204848,-15.407643116570899,2.0
209.3966060889167,-15.253306722465586,2.0
206.9175060414222,-12.272044513382417,2.0
209.3138635088871,1.1203699583549236,2.0
157.60828622424032,-33.25181920645588,2.0
153.71868352140118,-36.0511404237359,2.0
160.14354515001318,-41.08946408391036,2.0
159.50127714487684,-25.46366543452096,2.0
155.64152178552226,-44.21159530720073,2.0
155.9396412872598,-44.174547149193,2.0
154.72293935897585,-40.11213368993416,2.0
155.94462606913075,-46.46416603702324,2.0
158.42359612267933,-36.5327733901958,2.0
163.91565706963956,-41.9836246075842,2.0
150.13833442034127,-41.55548679860349,2.0
157.1805128990359,-43.50659297712311,2.0
157.42996183452945,-42.89946679205203,2.0
162.5554721802567,-27.363847969376,2.0
152.94097438434653,-39.14456581293086,2.0
150.3299410426943,-47.91493822338443,2.0
149.91112361975135,-38.145328209577556,2.0
162.15013661164502,-29.357799530622806,2.0
152.64674340021986,-45.24735967595016,2.0
152.5303432923781,-44.41623843690262,2.0
162.56231800876816,-36.39909377683843,2.0
151.56709991080137,-47.21346989896277,2.0
159.2782859919393,-32.90010998709189,2.0
150.46535493985334,-45.611817583607646,2.0
154.0802513664207,-43.62757684341736,2.0
159.3419388329445,-44.38275059954052,2.0
159.04447846192502,-46.362129235295,2.0
152.1270938031019,-45.71265105255089,2.0
151.6019546346748,-32.928733426578184,2.0
61.46492094767717,-38.9155136723638,2.0
63.499155148740286,-30.784120188923065,2.0
70.5882209810889,-35.186593610525755,2.0
70.48375763220737,-34.64742857901485,2.0
72.37680237075003,-37.47864211298977,2.0
60.27679955989875,-38.84409397696582,2.0
56.0794719465683,-36.24773651525552,2.0
73.55287502247484,-31.98780657754398,2.0
70.61442897899464,-36.45110327269073,2.0
68.17071948060519,-35.15823830829838,2.0
215.9134264875471,-25.101207946021933,2.0
201.41733947691347,-1.5458824801158597,2.0
353.96787661650984,-40.94713982519575,2.0
326.8688312470322,-21.3637492860274,2.0
159.47885157911082,-24.42906249628565,2.0
333.02456481424275,-49.45491084638184,2.0
4.380258459418438,-0.8164386494043362,2.0
58.910210785695284,0.4763724886809515,2.0
313.57131299195976,0.7471808519422622,2.0
324.66579057274856,-1.3741173279634304,2.0
38.12763748929023,-1.2817952492366265,2.0
340.7617778538102,-1.051574391492504,2.0
9.10579672267925,-0.4853030603908992,2.0
3.7333117402685474,0.31768927284349013,2.0
4.36555053346315,1.0491831700513166,2.0
339.139729783869,0.44800370946111756,2.0
304.0244690058647,-1.2192169184431287,2.0
3.019314461785063,-0.6871129812818367,2.0
304.8544207494392,0.04298331080239829,2.0
4.917646791908225,-0.9099503373848067,2.0
46.98979992986573,0.12001736947822109,2.0
345.50499246424033,0.5131468261640252,2.0
305.0864928993641,0.8584868099533887,2.0
305.24177254621225,0.3020544712387445,2.0
304.76665439798535,1.143924494499987,2.0
16.55991936281131,1.2359802572644285,2.0
49.68820265523018,-0.31258679968996156,2.0
17.35815775854618,-0.6275003706886488,2.0
300.94274414726704,-1.3427937508751195,2.0
300.85430364360064,-1.2948130217185188,2.0
300.9744218585411,-1.291154282720932,2.0
300.75555323564896,-1.004523158372092,2.0
300.89075779222196,-0.9484469573142259,2.0
301.0639345798273,-0.5225457890557925,2.0
12.327161446051639,1.2191920530524625,2.0
334.3435194955581,1.0767543256819685,2.0
342.55202824707294,0.03583277497780604,2.0
310.11657926924744,-0.0006827903292532226,2.0
53.15358621025001,-1.0259230259850036,2.0
52.889091716852505,-0.2536912627567203,2.0
322.93321402995815,1.058290010221539,2.0
313.08959002331443,-1.201273249013785,2.0
312.830218466034,0.03286294075446237,2.0
307.519215740721,-1.0910396108263138,2.0
305.52510601368783,0.8953444996149506,2.0
24.511500203436487,-1.0096960846663061,2.0
308.3149984927397,1.1842996487000539,2.0
308.34053050616643,1.3510826317123832,2.0
48.61771428658176,0.7519402356960914,2.0
28.53861595248377,0.44591290339986683,2.0
333.39853804228756,-28.428242100051317,2.0
336.7539411639533,-29.43547871867812,2.0
30.124687538033236,-29.62495471668187,2.0
25.60303358518956,-32.07047314351019,2.0
316.4716660205202,-33.70284811048292,2.0
315.17682643993663,-21.75793867940236,2.0
318.44897898426575,-42.78865626508082,2.0
320.7617323963711,-29.251115062981185,2.0
316.4255926418445,-31.140370656734056,2.0
318.3533507076203,-30.469718527620707,2.0
160.71623792814762,-19.056797239093747,2.0
150.78584556846346,-21.440884622598723,2.0
164.23753562062313,-18.652020476668735,2.0
176.23234742536548,-17.944273338719373,2.0
154.37187532553952,-18.97230568524968,2.0
171.96941410327287,-21.83217458082848,2.0
169.4909785667385,-17.885356997402287,2.0
170.19696655328286,-17.285069032070588,2.0
150.54887788731048,-19.426983577758755,2.0
168.15565032202275,-24.95076471413227,2.0
171.9396557255919,-18.80355483363484,2.0
172.23256772902826,-23.18693789782795,2.0
167.23170909047846,-21.69128561054756,2.0
179.18714985352517,-19.518859913955684,2.0
158.6802427980715,-20.907170305788394,2.0
149.73038848195878,-6.740834738804156,2.0
150.94114456666466,-19.796504330857633,2.0
177.94503862354165,-21.307978915616886,2.0
155.3276227312144,-18.754982015508055,2.0
177.87686156341235,-18.560201144694087,2.0
177.11120124325876,-18.50628940436583,2.0
176.8934371226852,-0.6411004111158466,2.0
177.87268901124386,-0.05933010764449814,2.0
180.15952618608105,1.2129112212203665,2.0
184.9269721119905,-0.30595397859355666,2.0
181.7517098625927,1.1990112046487067,2.0
182.74331562989954,-1.8524462527304242,2.0
174.1885156408191,-3.2454104832572845,2.0
174.45343147899882,-2.2302052837419986,2.0
197.28393935786534,-14.169304565940392,2.0
207.0607570377542,-5.590594207873475,2.0
191.42379746107338,-15.112269999485413,2.0
209.42654445422664,-12.836769136204193,2.0
189.5213249255269,-14.298441170437556,2.0
194.9728646412278,-15.412041196746886,2.0
204.03861125313406,-10.644628507040345,2.0
204.72353045702647,-10.327045375609252,2.0
200.82535250909223,-14.362565540138853,2.0
204.0449726767481,-13.204765779334803,2.0
210.462116027613,-13.829598624380747,2.0
207.9495029175492,-14.369124938844184,2.0
187.68599306029085,-14.277412949256467,2.0
209.26799076523258,-6.019099453280302,2.0
208.88961858470066,-2.485404525733912,2.0
207.09815897780416,-12.934109553263202,2.0
197.58563659483602,-11.888926334232345,2.0
157.59965455299493,-41.97150545128337,2.0
158.97107780891025,-42.49748498897575,2.0
156.31324775142613,-38.84647003417361,2.0
164.0932624932561,-27.036418012337744,2.0
155.02716387060363,-46.66471489601969,2.0
161.26658418576494,-43.12306328967973,2.0
156.49721440655316,-46.26141564816617,2.0
159.1973314436648,-35.47701717889647,2.0
159.0559352851775,-36.169071451630295,2.0
154.72627836918386,-25.040743249461638,2.0
159.92399347174833,-41.874929615147,2.0
159.40977580651818,-41.46984809918167,2.0
159.10367595351664,-46.568094885990845,2.0
152.343184584214,-25.911974933934058,2.0
151.79527809719292,-33.373764693024256,2.0
163.53289177124336,-41.14836145233572,2.0
157.58428642747418,-38.54445436634949,2.0
161.55736681346298,-42.21193951077839,2.0
149.28319563355288,-39.319788178364675,2.0
152.46049660890685,-38.71270197067318,2.0
153.89145147550326,-41.03935716883212,2.0
155.6935528101996,-28.745266460715943,2.0
154.49880286022162,-36.08717199216977,2.0
150.35891689602002,-45.82298822152753,2.0
162.7867027470607,-23.24308713083462,2.0
150.61895244904258,-32.93824162630565,2.0
155.27988996495824,-46.11456285338626,2.0
158.41005147345388,-29.50273442149675,2.0
324.469678643108,-3.2950425957190133,2.0
56.621215914899935,-37.15030515738393,2.0
72.82492579205852,-38.22045935423106,2.0
49.149922284889506,-32.516244171886775,2.0
65.7596989895329,-31.381858184043402,2.0
66.36651421253734,-31.21415946631441,2.0
65.87882577681161,-30.840599806443727,2.0
70.43547151856541,-32.71316846642457,2.0
68.63260983525949,-36.09694917702268,2.0
51.340397707083454,-32.46067132187973,2.0
71.65841972599098,-38.422228963381826,2.0
71.69218722150715,-39.22885288394213,2.0
67.21902099610418,-31.103676630263575,2.0
67.90885882735834,-33.835816475531345,2.0
46.03047609452898,-33.145973678453394,2.0
51.95562972916677,-33.699617307354536,2.0
220.79459272685148,5.929779066343576,2.0
38.16704474937851,-38.86321836830332,2.0
59.446473126933135,-48.65825798874877,2.0
348.299611065616,-0.7605497687369258,2.0
353.25093145251367,-0.3418033383059611,2.0
313.2650726728659,0.14658445983528817,2.0
313.3198559349733,0.9892076810353208,2.0
37.59970670687598,-1.2672872500408137,2.0
339.6845594683822,-0.948694319373839,2.0
341.3799836615205,-0.7525947660724432,2.0
3.898110576074378,0.8989176411595012,2.0
3.860510825587982,0.30372362004255427,2.0
40.6454475160122,-1.0644227483678184,2.0
348.2461021601764,1.1349593899913708,2.0
304.3363652654947,-0.6697150463509344,2.0
358.9422665997112,-0.39521021055347355,2.0
32.789676481558175,1.2310197090235793,2.0
346.1180884490532,0.9503418885107959,2.0
304.7605882911864,0.19095395976474056,2.0
7.4643548077277035,0.7000037288417243,2.0
6.590188657852831,0.7546589596510511,2.0
16.77312563028888,0.1024885367041135,2.0
301.08929104391405,-1.3056197133948604,2.0
300.66103409001215,-0.9435619987121324,2.0
300.57694874602373,-1.270540218992288,2.0
301.1007902587069,-0.9229807206736669,2.0
301.0993531667581,-0.9145196472916239,2.0
300.9782263119157,-1.236703655491568,2.0
300.9771634821814,-0.4665628916501697,2.0
300.0148680103785,-0.42293839816517376,2.0
300.9005468656507,-0.8279204392408777,2.0
300.78370853352953,-0.8178067263011454,2.0
300.80436901017555,-0.3951748608113421,2.0
301.0903281997801,-1.1643512332735113,2.0
300.75937821365494,-0.3159401996782511,2.0
300.6807375563228,-0.18393321941710097,2.0
300.85123793552276,-0.5955269440254131,2.0
321.97575148119097,-0.7341249917974254,2.0
8.659944398487921,0.2381814585422217,2.0
8.941080203860544,0.38499342463158553,2.0
8.178072183921541,0.5197450140043085,2.0
303.7786425703625,0.6052806700627759,2.0
7.355350859656069,-0.9294596707996096,2.0
332.8678209695767,-0.8097588612512464,2.0
300.4321955778412,0.8217833390436116,2.0
354.3417350883094,0.37754676359646666,2.0
354.38244578497734,0.43330107346913666,2.0
340.6974539115072,0.34156870534984674,2.0
345.61047310009224,-0.4523967839282306,2.0
53.38077827143503,0.9754159933830269,2.0
308.8415057178947,-1.2370604293507987,2.0
319.2401097946617,0.6551038809056509,2.0
333.2370201122817,0.5276645289407089,2.0
48.243153598522454,-0.08156564307833897,2.0
302.33179848376585,1.1437686784440324,2.0
192.47570513669103,-18.558917516679497,2.0
15.645380888568004,-33.90319745738752,2.0
38.42240926364524,-30.458173871500275,2.0
6.191510437829154,-30.83883881505606,2.0
7.0765424531613315,-30.204470073430162,2.0
21.26913199118856,-32.28740231179497,2.0
356.89715810559795,-29.220814702193067,2.0
338.91041665601625,-24.928703570363997,2.0
343.4706720102698,-30.162151096626257,2.0
12.829665762352402,-32.83418202419658,2.0
25.24813468037142,-34.09770325464079,2.0
328.33210357708106,-31.11631611706396,2.0
338.4273343986453,-30.326513123775637,2.0
335.07721693781536,-28.213429168656877,2.0
332.7430386884259,-27.658157768445044,2.0
332.6945413004052,-28.395788795740938,2.0
13.883649917774902,-31.260498014964096,2.0
355.8714951658231,-30.033367652555015,2.0
355.6055863004916,-30.010294690082446,2.0
334.58077291303573,-27.262284225095634,2.0
4.6792728863870705,-30.66870424114179,2.0
35.34695621156967,-31.18022670746661,2.0
33.97085763989419,-30.980792935477925,2.0
345.17676446056856,-30.53474098640644,2.0
334.93782729725075,-29.57039409080591,2.0
29.322109309133133,-29.792695669920157,2.0
12.98183382570476,-26.962028288894874,2.0
10.09284396018945,-33.554669067090835,2.0
15.365305063992441,-33.791874212644856,2.0
25.04573016997168,-33.667075383796266,2.0
31.36884579845383,-34.07351212219662,2.0
318.19046914048124,-24.792387242608573,2.0
314.54823772595904,-21.60029644789257,2.0
315.5307505300398,-21.97661861602346,2.0
325.5747911662511,-29.30399735409135,2.0
315.85080248264507,-26.74292365309513,2.0
315.9758951368578,-47.174916347464034,2.0
315.15423087896596,-40.523062276580276,2.0
320.9385832552389,-29.70241355446006,2.0
315.01726766822765,-41.80820240053877,2.0
151.71160029192848,-7.504802484693967,2.0
156.39566235889487,-21.833687724271325,2.0
159.2432812339875,-18.57169525822235,2.0
155.42092207372565,-16.737509537070316,2.0
152.85493953497948,-8.868471409150528,2.0
162.95046698071394,-18.46479321783452,2.0
177.95218916041517,-22.782812436924466,2.0
155.46942772125428,-17.134394137468966,2.0
168.63672511602906,-20.13121708480183,2.0
151.8708726412487,-21.7250381049027,2.0
156.6071150343996,-18.65735447952775,2.0
177.9056436743523,-21.71735262503865,2.0
169.91472630812552,-19.629510356382536,2.0
166.1406338019032,-21.85055403407174,2.0
151.9705689130764,-6.655952827896736,2.0
177.5785539417351,-0.015002806608277158,2.0
185.0155358422371,1.1089971952641657,2.0
176.91749282934177,-2.7089494790610624,2.0
188.15071455958412,-3.310957494367809,2.0
182.10718354629918,1.0654288965409666,2.0
186.60695921967758,1.267941658397558,2.0
207.97110798587545,-4.7253188811138225,2.0
190.1045314923478,-14.070659559126236,2.0
194.75339729526405,-13.578320344880119,2.0
208.42507932884112,-8.84272077176926,2.0
209.18080582364496,-6.684573866764107,2.0
193.24513266812846,-15.220709872039796,2.0
200.05548360750132,-13.640220765431478,2.0
182.75003051901487,-14.644940650880237,2.0
204.5142167578825,-4.542983526725718,2.0
186.63030702150044,-15.16667449086012,2.0
207.6016647682127,-11.643788434304271,2.0
206.12550788844186,-11.160651987734795,2.0
197.44393014095735,-12.501969181787036,2.0
163.16985644771535,-47.98162360016756,2.0
164.4053241408824,-37.72551688043008,2.0
151.65587579900048,-35.10102941187932,2.0
158.98434782241017,-36.7700288789179,2.0
160.52044648260116,-33.358736648545225,2.0
159.8669204096638,-32.11679713702917,2.0
155.62041840343016,-23.90360566539619,2.0
154.58144696936995,-27.015449816630206,2.0
154.24366130605534,-41.01008344375433,2.0
157.78024741408038,-32.21597682924593,2.0
152.3568279242654,-43.525560412852876,2.0
152.05113351914832,-24.67855523810297,2.0
154.999754479996,-37.71779741191499,2.0
160.4394717081719,-28.34446014867677,2.0
151.99404186544587,-29.879285575149513,2.0
151.22559446212617,-37.58238984493466,2.0
151.06034074688228,-37.14179677531026,2.0
163.10480325059748,-44.098865988453085,2.0
156.2816066777466,-41.59759260053122,2.0
150.57449037365305,-23.181331797832584,2.0
155.39924683710603,-47.316427665698775,2.0
155.5428502642629,-31.26338366854759,2.0
155.91783940733507,-31.251208225991643,2.0
155.59782527260782,-46.38640267955067,2.0
158.19225171525824,-29.54676610006816,2.0
324.28444292799537,-2.4338047133492187,2.0
333.9455025519527,-1.985161463986751,2.0
65.97239490459414,-37.68470687680279,2.0
70.22260547932552,-37.815935002218126,2.0
64.8532030807007,-36.24607066086218,2.0
48.61080597878481,-31.491798654190422,2.0
49.06663334504583,-30.71926461791548,2.0
59.690802565282205,-37.28245753340851,2.0
51.19697798245704,-32.440788471344185,2.0
55.860182104567855,-36.228321806954526,2.0
54.6280710902281,-36.09397835932849,2.0
61.461089602803966,-31.447032900319133,2.0
67.82982136889095,-31.245086037078156,2.0
53.00416234244469,-33.69539656544062,2.0
66.16562377106017,-36.48693778281389,2.0
46.9988268026555,-33.09925373233811,2.0
199.04296108705154,0.04081766271162647,2.0
325.17965627438605,-23.32140102285086,2.0
201.0940061290668,-0.16531414648625486,2.0
223.3729801213512,-25.1276532144157,2.0
172.4244466024295,-12.12065078434268,2.0
216.6133870755976,5.065007143584472,2.0
353.9177542690174,-40.805980606919405,2.0
59.89609325215425,-48.76055656742772,2.0
214.54794415606185,-24.988202470063207,2.0
354.6541733025063,-0.6884191782527765,2.0
352.76831531945396,-0.7102948577467144,2.0
313.27828770751836,1.2860172074752076,2.0
324.41420077109336,0.03023036744523013,2.0
324.4186138164052,-1.2062513751137915,2.0
334.54773089833606,-0.9420336609771612,2.0
326.4895360352319,-1.3606064021763846,2.0
40.81773956917263,-1.2660443017659364,2.0
338.0957589164971,1.3937843435646295,2.0
304.33683266905734,0.3932348459486687,2.0
304.5781084104908,0.41204830422539146,2.0
305.2744386560404,0.5152321106381794,2.0
53.74365145217437,-0.12885171154684322,2.0
36.66621231254797,-1.2419634243382827,2.0
300.5874363424582,-1.2566342135885051,2.0
300.52900157948625,-1.2372227107352172,2.0
301.03381586152443,-1.2027535216472218,2.0
300.92092250680486,-1.1620702473604354,2.0
300.74154341846133,-0.9073958217726511,2.0
300.7911266759232,-0.9011165357216862,2.0
300.7290093974698,-0.8017967714649751,2.0
300.6580338260206,-0.7868721367067263,2.0
300.6116020173026,-0.39686244249203456,2.0
300.64292717035755,-0.013839907961218962,2.0
300.834235378912,-0.7282687033002025,2.0
300.82744046318885,-0.05199965839411034,2.0
300.63465235097743,-0.6934661479185033,2.0
300.76617182425724,-0.06504774744894885,2.0
300.70399106684516,-0.2993999949360969,2.0
300.6121502792213,-0.5380759361091475,2.0
301.0689475760906,-0.09100797046803419,2.0
24.962782843879992,0.42722178926433024,2.0
314.302863294349,0.20317358294734986,2.0
30.105854148548683,0.4879895823228443,2.0
19.623433609428748,0.7637166618270906,2.0
53.10952432881614,-1.1905549158813071,2.0
351.48128487994535,-0.619649969309404,2.0
346.1942578897968,-1.1895725197417075,2.0
307.61059154064606,-0.6226333157938498,2.0
353.5365748057584,0.45126632200225286,2.0
23.75036141262909,-0.6870226744982718,2.0
337.48557309949206,0.5240235390794395,2.0
359.98004054416225,0.007767244439386351,2.0
34.543835265892945,-1.0297901208560476,2.0
10.682789961127495,1.283933341653539,2.0
308.23726132785083,0.22255698947777752,2.0
193.3076070865502,-17.951031706540512,2.0
23.148508700880395,-29.004440736412167,2.0
3.1199364195988752,-31.04443153319788,2.0
27.0885275576842,-31.125205727550295,2.0
29.209104189300568,-33.314021393859946,2.0
328.72527118265754,-30.70941664183718,2.0
33.751620970370176,-32.976887888106106,2.0
21.861626718333056,-30.17889275447015,2.0
349.92814830462225,-30.441527299951233,2.0
341.6286544649145,-29.482367645248516,2.0
14.04137683954713,-31.369061102488615,2.0
32.63568662552727,-32.785662473963114,2.0
18.974851107174782,-31.41079873583399,2.0
11.434797546075147,-31.95811304109312,2.0
341.3907982620035,-30.571707698518058,2.0
15.561054131595537,-30.131604077747713,2.0
24.836024838759794,-31.109526754865115,2.0
18.3283008099211,-31.823507637291225,2.0
334.0629850558288,-24.223778615281248,2.0
331.5041888109279,-30.832626563527135,2.0
32.94223921784328,-33.727068647811485,2.0
9.299104512096559,-32.85796181924403,2.0
17.558224802220092,-30.412352669458198,2.0
30.229260622062526,-29.59069575111854,2.0
29.633988782449673,-30.28409277206394,2.0
25.610995831592348,-30.15517271927917,2.0
15.508053646290449,-35.33531261867841,2.0
22.194336212463494,-34.99934433342917,2.0
21.359334752178796,-30.742435844021443,2.0
331.72148850347304,-27.583195575614102,2.0
7.202371198470713,-29.190695129733093,2.0
14.687054637710478,-30.206213310701298,2.0
14.668422466041417,-30.03336355079838,2.0
317.85231158015125,-32.36162718273768,2.0
326.2152436218391,-30.511628537543917,2.0
315.750687676928,-44.089256526232326,2.0
314.8736763317044,-44.05549493073384,2.0
315.9187335382234,-28.94307330213603,2.0
315.8670629020108,-36.63918429559623,2.0
315.8539512387281,-35.92074485060294,2.0
316.7725654276617,-44.352664802683506,2.0
325.50104989414626,-29.501938517390403,2.0
315.34080582205775,-31.762199270441847,2.0
316.2657884150446,-40.64241205653643,2.0
315.7806865384471,-48.451164085300256,2.0
315.9344084493842,-42.059199513163804,2.0
321.0048988366978,-32.87972636148975,2.0
160.55579825107122,-21.715276481147505,2.0
177.71291097678392,-20.948698181091917,2.0
154.8813322844011,-16.26433282359788,2.0
169.2422592171568,-23.684111693292046,2.0
175.76670036200795,-20.087653161402095,2.0
152.04574253497927,-9.404225027387072,2.0
180.67330867914814,-21.71616712873078,2.0
167.45328951146848,-22.466077902269756,2.0
165.49154204855074,-23.790923666401383,2.0
178.7775274416123,-18.797325631822982,2.0
168.63117384414863,-23.260422828890555,2.0
170.95229589621655,-19.8077676046584,2.0
168.36375168246784,-23.14633394730646,2.0
162.63183880165857,-17.216216376176234,2.0
159.565056934695,-20.352368117575836,2.0
160.3454429519504,-22.2834110504236,2.0
153.67008734934524,-9.60170688500259,2.0
151.6673643927034,-22.293766340788792,2.0
153.96297142560735,-7.867862749657381,2.0
152.74241219000763,-7.995592981431051,2.0
179.4045305314517,-2.026996683135112,2.0
182.33562177580043,-0.48203617294025475,2.0
175.5609804603061,-2.53146576861475,2.0
185.4617296800491,0.6694986744409901,2.0
176.85592040250134,-2.1495434633769177,2.0
178.5052241174518,1.6121481605105084,2.0
184.21842826854342,0.12414261649328218,2.0
179.35476816000107,-0.7121598369585268,2.0
179.8751667598571,-2.7263921314909507,2.0
182.5162800479878,-3.2262544358193965,2.0
182.10992401154323,-3.311391402842348,2.0
188.6216307539482,-15.52988398662197,2.0
208.79114603868098,-8.52279498289425,2.0
201.56363333305436,-8.330754801221936,2.0
204.50997941522604,-13.684085096354902,2.0
203.8563344050616,-13.413308820655482,2.0
205.6304954422277,-7.030933306908886,2.0
202.69644814920034,-9.404781810879024,2.0
207.50649155790637,-15.510966184417233,2.0
187.77842356777106,-15.12102087626244,2.0
204.2480792489277,-11.56168563124932,2.0
208.66737341134342,1.9743506227914494,2.0
207.95660184745404,-4.749047848537462,2.0
151.63078562212715,-35.65435130539076,2.0
164.8006469149548,-46.63755826404337,2.0
153.75688579045973,-36.86636150917509,2.0
151.79919659237711,-28.574517511252683,2.0
151.6887984038637,-27.551714315679234,2.0
159.4526690356157,-39.91188124064697,2.0
157.1404078501596,-35.99474102512056,2.0
150.80498909198357,-43.21404184126272,2.0
154.85203522251751,-29.86089796177984,2.0
158.78923479168898,-42.972255574879775,2.0
153.4155921818928,-33.51742268165805,2.0
151.85280483099615,-34.26870247832638,2.0
149.47583728892153,-46.78813717882796,2.0
152.4840179680697,-44.45314188835281,2.0
157.65654349925984,-28.597032609214097,2.0
150.75937312284233,-35.981778650175954,2.0
161.11087190320794,-32.622462367377096,2.0
150.73394522267333,-46.085466350275134,2.0
155.0386307138217,-31.335497141561092,2.0
150.49205108511524,-32.64981804916812,2.0
164.40553561866952,-33.36399171741372,2.0
332.4773666618215,-1.454892271729591,2.0
328.09919472307837,-3.329125911311579,2.0
48.64676974906038,-33.455085228877685,2.0
50.26147033287045,-33.027351915583104,2.0
64.25274966026643,-36.274618321252795,2.0
60.33082269990064,-32.87635440036846,2.0
44.372630607509976,-33.199132315050534,2.0
62.59940076913622,-34.09004315182109,2.0
54.34036266307306,-31.59859753270717,2.0
64.87730528125095,-38.30941903110111,2.0
71.26003693494208,-36.060823900847154,2.0
71.42248397630202,-39.53608357502866,2.0
50.03164807421675,-30.756002488276064,2.0
74.38337944034105,-30.697183633520588,2.0
51.839005024518855,-34.13314853982729,2.0
2.119615019090521,-59.020472544213085,2.0
151.41616300935794,4.154090690739466,2.0
346.9398750910174,-16.520450797224377,2.0
60.26385173594768,-48.85898172619652,2.0
223.11824837795453,4.91371062481933,2.0
324.10369177358746,-44.81895119669313,2.0
39.62343833616215,-50.83995857685694,2.0
4.824481473312118,-0.8064838485772009,2.0
20.29473653398262,-0.8436434200227299,2.0
348.13067741527794,-1.1937043288787734,2.0
353.8445277828368,-0.10977978814367612,2.0
352.60621771630525,-0.08632531999553919,2.0
313.9403655993897,0.20063604025220652,2.0
9.747289111980264,-0.714454350224955,2.0
42.752679777779875,0.28537351158432817,2.0
8.035561688713287,-0.8843461346218345,2.0
3.998288931150247,0.703633745873623,2.0
4.801640792188885,0.0554916881824542,2.0
10.896509451927638,-0.6248809118328724,2.0
26.83799104587179,-0.7514735524191466,2.0
304.90259255164244,0.04646242869035166,2.0
303.958758789248,1.0865791756540895,2.0
304.79667532530084,0.14549249443656992,2.0
57.77028133417981,-0.5462868202155821,2.0
49.0750504981236,-0.5069279648561904,2.0
49.905357996326025,-0.44471294677298934,2.0
300.65363452303615,-1.3018927853239446,2.0
300.6434876861641,-1.2175676445993135,2.0
300.7728770906871,-1.0909794259911763,2.0
300.7805002309601,-0.8440518996924041,2.0
301.07087530464827,-0.8231162717722175,2.0
300.1476436038455,-0.4968244088863806,2.0
301.01721171277757,-0.6671614444200044,2.0
300.9866649758775,-0.03248878332884111,2.0
300.6083406925567,-0.545675329354487,2.0
300.78855672275705,-0.2810500001543988,2.0
300.62815680210974,-0.08844635601453506,2.0
30.500247645814035,-0.15588560513530106,2.0
13.432315634808461,1.363190953245345,2.0
343.2393387782164,0.45878233456069256,2.0
50.68707745560916,0.7450965554947673,2.0
306.53411218318547,-1.3525319384522059,2.0
314.0985385587004,0.3335793368147361,2.0
29.897844793605522,0.06707307056718576,2.0
36.81029852296449,1.0934074799976583,2.0
20.06844242242694,0.2438224861818196,2.0
312.8977506719351,0.03656783415712033,2.0
44.377983246414544,-1.3478759056631353,2.0
346.1839995707146,-1.047637756170335,2.0
15.901621012754958,-0.9191165595206995,2.0
16.05775922175709,-1.264431931617225,2.0
54.58960430404596,0.5184971700047292,2.0
352.5449658229319,1.2088649297886493,2.0
23.95909018322206,-0.8399423602018016,2.0
18.92575064401607,0.3834537397700357,2.0
359.5218549462989,-1.3649719892078715,2.0
314.3521730467385,-1.2993923577331379,2.0
34.07162177605453,-1.17963313592842,2.0
28.38271202195532,0.3813754396509161,2.0
43.21668023139433,-0.3698979850578264,2.0
301.33451492296723,1.2628904413309883,2.0
194.12518644631,-19.223480048425273,2.0
195.38889023732077,-17.402163487986787,2.0
195.91657500617436,-16.685679905678928,2.0
196.27465489108397,-19.292439983361422,2.0
41.940334723845005,-33.368180784711804,2.0
12.202876023669862,-31.778915276593978,2.0
28.24067423260991,-28.810501310105817,2.0
328.3141263704852,-31.18461093308068,2.0
329.0119887000594,-30.993497601309183,2.0
348.1460400150509,-31.521224173728427,2.0
347.8963319528839,-31.445592377850765,2.0
332.5240068270393,-27.91075708397664,2.0
333.2185453116102,-28.435676734957944,2.0
350.3167658897393,-30.71853717986991,2.0
14.968426195533224,-31.577526857149095,2.0
13.683104869130517,-30.515023737581334,2.0
19.78730492732813,-33.93702147366575,2.0
26.777027711594208,-33.47998254557346,2.0
18.521860772867413,-31.150780875277498,2.0
331.3580705851508,-23.83256174084068,2.0
35.3022376237971,-30.433066110046486,2.0
348.5171482086258,-30.803810376444474,2.0
348.83080335614756,-30.649219155223694,2.0
17.638499034771133,-32.6416963008513,2.0
32.07573970883118,-33.67990610720321,2.0
10.023309699116428,-34.679365285680156,2.0
14.586639577418032,-35.126961879917864,2.0
15.137494012633805,-34.807509914044864,2.0
354.123458862063,-29.808695791375612,2.0
344.7838160610223,-31.454652481082007,2.0
25.01981855948752,-34.197955346923365,2.0
7.969005194202078,-29.592587811984853,2.0
24.965717117759002,-32.139321946341376,2.0
318.3527986898936,-32.09995741688721,2.0
318.8197267255041,-26.15717728947362,2.0
321.8205608316052,-33.8371802054873,2.0
316.1830554298178,-35.57813083890855,2.0
316.9553018981389,-22.201326829571855,2.0
316.01668421975154,-23.403797174280655,2.0
316.6405802952633,-44.02605965191331,2.0
317.9022492652585,-43.69454201831661,2.0
316.9035449619247,-23.77051683517872,2.0
315.9905681090691,-46.64510160039478,2.0
319.226414587211,-30.921338043199054,2.0
319.4102155757048,-27.14764178742471,2.0
315.6737967478414,-32.87890999401036,2.0
318.0197368830155,-26.5027037351291,2.0
320.6156879752978,-28.93704166700356,2.0
314.3624225293811,-41.672721641114265,2.0
317.75375034579986,-30.62479113257048,2.0
317.8339557719118,-30.46690378383676,2.0
314.5268677152485,-30.138358200406397,2.0
176.45155584550997,-23.263586856423636,2.0
179.3008976902566,-18.202935187246954,2.0
151.88398658180822,-16.723910536853825,2.0
151.23671407717939,-10.159438711697545,2.0
154.34947558819619,-18.911052261082396,2.0
167.319962835837,-20.94930675719433,2.0
180.03679956161395,-22.91537638829992,2.0
179.6707461819597,-22.827275331921477,2.0
164.37077624759482,-20.745916841331525,2.0
152.28202446279917,-9.642940454369674,2.0
167.6107443960461,-18.91557716487226,2.0
152.17320455497682,-7.019125066799837,2.0
176.13150998327865,-23.481980975542033,2.0
171.43830036943947,-18.488201340276902,2.0
156.73364283092252,-20.756333539933827,2.0
173.44708705543903,-23.350512504245973,2.0
172.4474918611031,-22.633301037846795,2.0
152.80791521346245,-15.604331400226481,2.0
154.20845284984978,-19.999310354969143,2.0
159.45971350634676,-16.118604045645558,2.0
178.1002986574552,-22.455001233857036,2.0
158.47334613313194,-22.29046771732012,2.0
180.557865539026,-18.462065088744097,2.0
151.6286353124765,-11.505616345015058,2.0
168.39425526045827,-19.930534204353023,2.0
149.63280545887733,-13.716156228272673,2.0
151.81251528134305,-20.62451388430754,2.0
159.8168735944034,-21.172158036932345,2.0
154.78127871170878,-21.836894313924986,2.0
178.29745789180652,-21.42811150744286,2.0
169.0776942498406,-18.88867187084979,2.0
167.78088318950856,-21.05004517757182,2.0
153.42908969950506,-8.02731148871996,2.0
177.1137727279194,-18.803720251413562,2.0
182.24506607020393,0.4817670007643951,2.0
180.04674072704597,-1.946823996795067,2.0
177.70537423275803,-0.8636364611502556,2.0
177.95210286408258,-0.9746532112113905,2.0
174.73755047328316,-2.355872493915259,2.0
176.6796613966468,1.1885571745316508,2.0
177.41500197480892,1.773741489322032,2.0
177.91908255373724,-2.998043993228568,2.0
178.43932587217319,-2.722344158881375,2.0
179.77187204012463,-0.5593517880549691,2.0
181.6883945898885,1.067863962914208,2.0
185.54177036953018,0.6882604240389467,2.0
195.36307055333907,-13.913631031367544,2.0
196.14531057712577,-13.604816462091508,2.0
196.09897852024963,-13.351661522203734,2.0
184.21050107570022,-15.158105591485466,2.0
206.67910804160488,-10.853499715299387,2.0
199.94996939899758,-12.16456100443201,2.0
191.52663424596804,-14.611865898563314,2.0
203.52828912368676,-13.31362540171332,2.0
195.54230219479203,-14.686692767894561,2.0
200.68740781037909,-11.597528637018552,2.0
204.45488447336405,-11.232177638314564,2.0
202.99741269263657,-8.833321628210978,2.0
201.81112871431523,-9.406047415131619,2.0
201.59070972958307,-15.335985924489163,2.0
205.5307726415566,-13.76930433428253,2.0
200.88078879114684,-10.54433427260999,2.0
188.36558227902734,-13.63156903870594,2.0
205.435135915769,-11.565868290776711,2.0
206.6407122488453,-12.51964393381759,2.0
210.02378265554412,-10.535416183055894,2.0
207.92816165505366,-4.737935337452452,2.0
210.6888577089241,-6.0873363149140935,2.0
210.10047212140182,-4.9299291028932535,2.0
199.03515352467662,-10.31732478162303,2.0
164.65472130445556,-45.318374427778906,2.0
163.32282672027563,-45.7198028897102,2.0
159.11771220816877,-40.731103137293125,2.0
156.91353056812983,-23.76714596418568,2.0
164.00575502586705,-26.613403033146373,2.0
151.6670582537159,-44.10470921178905,2.0
156.4155534437398,-32.53935314869115,2.0
154.96254339370665,-45.137774563232135,2.0
161.84555676798763,-43.913593071865776,2.0
157.21840459135345,-25.35125004185643,2.0
154.39902200025102,-31.257535483481867,2.0
155.29341767914588,-26.998611896710234,2.0
154.36122694679702,-27.5266363197613,2.0
164.52371686946944,-34.99130505392022,2.0
161.2720075661048,-41.67405607050589,2.0
151.45412846933957,-29.326743572430754,2.0
150.89496404754726,-37.81455828882308,2.0
151.3870376926458,-38.02245926139251,2.0
151.04070907234865,-37.305833388735586,2.0
162.8092871632443,-31.892070900296655,2.0
152.68064849166032,-29.653235925394313,2.0
160.81722124847514,-29.260238565876342,2.0
161.58577086681635,-28.91627705718984,2.0
153.9872588854827,-39.82500928833299,2.0
152.8570559469138,-40.40982532038777,2.0
151.43483507016276,-46.945259637456616,2.0
156.87083674920933,-28.51699222516987,2.0
151.00097267450386,-33.434716587194075,2.0
153.0065461786608,-32.21231525850119,2.0
160.5627058504994,-43.07531804926888,2.0
160.19863345642378,-32.570916874742394,2.0
14.953354509073169,-1.3181152771969302,2.0
195.59013239796403,-16.30201577893939,2.0
25.090845260686656,-27.67649389594184,2.0
178.1564809046129,-20.755180547325722,2.0
203.29834345052214,-8.498811145121582,2.0
223.0806280446464,-25.99523397862935,2.0
55.69883615683876,1.1591704436722594,2.0
44.79324003091252,-0.3777292200872463,2.0
33.81166511033581,-30.501162039914867,2.0
178.8218827326313,-18.821666941196987,2.0
194.61827961705455,-14.937610642322403,2.0
207.63885638270955,-12.278578148358983,2.0
162.32076142023294,-26.681421759769464,2.0
151.25799462808533,-38.884316246853196,2.0
54.347896827171986,-32.19181798633715,2.0
324.57901744173665,1.2062510372667887,2.0
38.39735766972906,-1.1290537121536242,2.0
15.625098200551925,-0.5352093094283729,2.0
149.8212525046358,-43.06445287289801,2.0
164.74016785263282,-41.13736996862407,2.0
162.17571345564124,-29.323798462417155,2.0
44.030210339218165,1.1774555299992027,2.0
332.6129857421495,-23.905130607359105,2.0
2.666987531261032,-29.740921877458867,2.0
315.98609213331895,-21.790860533436685,2.0
317.9926137826724,-27.219396366322176,2.0
174.7681233226218,-1.4402891840929772,2.0
201.73917944082262,-11.804967162587616,2.0
159.8560801116913,-31.4979289450131,2.0
153.34087176102213,-25.531398540250937,2.0
150.60298655942006,-26.502836004646174,2.0
18.509796280365048,-0.7974488232759221,2.0
17.32733457723796,0.90539845012828,2.0
336.01397097341777,-0.9567096099850134,2.0
323.72952597635833,0.18243498988079668,2.0
353.660612982189,0.3949855898346673,2.0
334.2951087244464,-27.945815941905312,2.0
13.96395390310537,-30.945219315827195,2.0
332.3293752575985,-24.12012102380704,2.0
16.774247093985554,-35.266528284638554,2.0
321.0849784425063,-33.30318212389086,2.0
151.0286357717961,-22.06951937399217,2.0
165.28987870937752,-23.62944456863725,2.0
207.35642962824295,-5.494470213555381,2.0
192.6600960078216,-14.475212314890944,2.0
162.69421876017773,-33.989977680389714,2.0
158.32274830618536,-28.484242174665116,2.0
151.44263652418613,-36.89055754799456,2.0
312.2956269426095,0.265970422493022,2.0
345.8183544369748,-0.20316870490727099,2.0
10.841182008577881,-33.31747498120273,2.0
152.88292009707868,-7.261936696507069,2.0
179.8478669187984,-1.7228572218896734,2.0
186.67269731032096,-0.3347511966887692,2.0
161.89173407435652,-42.45776151181155,2.0
150.73271994052976,-31.77642540501818,2.0
48.63725659916625,-31.538394417267995,2.0
18.12729657912228,0.24493041764029988,2.0
33.87092614743144,-0.8874609989930496,2.0
47.87373270347458,-0.28373614263330726,2.0
26.840891305830887,-29.20834631130125,2.0
317.4046139896138,-23.1972262860702,2.0
322.8593780187172,-31.231583886430656,2.0
172.2247108562397,-23.053959125988545,2.0
182.78410026173069,-0.11384801077944232,2.0
202.7705034750565,-14.45073241642153,2.0
157.91474660497497,-34.34437665607575,2.0
156.94997173096957,-39.12284230409804,2.0
55.85647335502862,-36.07003636635247,2.0
59.91916180391396,1.38909076208475,2.0
351.2406451424701,0.3648363114586009,2.0
50.118698086565395,-1.3196402489222163,2.0
24.257111717644538,-1.3497465276851617,2.0
357.3611764691601,-29.260745194720084,2.0
354.30634514083283,-29.490826468866807,2.0
154.51496244692612,-9.12663230749329,2.0
150.69532980786036,-5.917147081536486,2.0
193.91349894663676,-14.10622534099066,2.0
205.79698794378433,-14.024598620917683,2.0
207.96733064302796,-15.312619102989839,2.0
208.5902988117594,-6.139928337268149,2.0
157.26596204452088,-30.49880504523656,2.0
163.58979203919048,-40.579887087057394,2.0
152.66383066476237,-29.228827577495252,2.0
351.4472022920426,-1.7474691544639525,2.0
335.0881905505351,0.6776081939702171,2.0
306.6362681973478,-1.201176258860027,2.0
315.6675921251022,-35.12294936851356,2.0
169.58489196165064,-22.814767571640353,2.0
155.35138973078116,-17.35180452632072,2.0
161.48465602778938,-17.39226964637358,2.0
200.33657523401706,-10.073723106097313,2.0
161.63192206303074,-39.61852070101614,2.0
150.66931272427547,-46.72593143698115,2.0
199.9899853471545,-0.5796217824328943,2.0
337.1046549602956,-0.3714489675823685,2.0
193.26341479503188,-18.464499459759594,2.0
202.76259168608607,-8.783406098589216,2.0
11.994479645329305,-31.97850191723796,2.0
150.5952757766301,-31.12330960695274,2.0
340.31072331194497,-0.6166568744451028,2.0
202.49740011343826,-12.197517711097328,2.0
300.92580531118335,-0.09738102441313327,2.0
154.72285885729622,-34.53892099406186,2.0
150.1444224133783,-32.35357036538468,2.0
63.28673508740715,-30.932835215830448,2.0
62.283112402272515,-37.585745697504954,2.0
65.80032427789384,-35.69038522182861,2.0
64.44807018814325,-35.69876333848103,2.0
74.93586327568818,-32.4224901085154,2.0
56.247737468253845,-36.59237036638799,2.0
68.10072582475581,-38.6335461956776,2.0
67.92999335356494,-36.511226686375,2.0
151.17033488969912,2.972473152807248,2.0
9.3334998428977,-43.28679289061124,2.0
12.52643364497888,-0.8886404605151184,2.0
11.609577132522693,-1.237997024045413,2.0
348.4181898950927,0.22071357473663578,2.0
304.6307420527433,0.043834602590720514,2.0
301.09195777675205,-1.3434741031860689,2.0
300.7534863386376,-0.9255596163180047,2.0
300.6291155890626,-0.9068918728896107,2.0
300.97994462162353,-0.8623473697671502,2.0
300.58683459389204,-1.184117268254732,2.0
300.6667365132611,-1.1306725838389047,2.0
300.98725204129994,-0.3089223595524964,2.0
300.9246324643311,-0.7372691051532761,2.0
301.0198276910626,-0.28531781706411413,2.0
300.5688209175557,-0.28468049616941304,2.0
300.8651882711679,-0.10734147768224443,2.0
300.7131621198697,-0.04967493510903221,2.0
359.32653511559846,0.7307049350125405,2.0
327.2113517755976,-0.36018565406828185,2.0
339.9170471997488,0.9433648189988765,2.0
309.6001711964806,0.019818449036617326,2.0
21.768761926301764,-28.215269040405456,2.0
26.847855994410104,-28.95996006301405,2.0
350.3604588557264,-31.12485243647311,2.0
336.0677440421202,-29.40602881395364,2.0
15.476011117831506,-35.13874184962801,2.0
29.094285968368048,-32.86775636187512,2.0
24.966353132480577,-32.3500438065666,2.0
347.23962383761454,-29.810996692379067,2.0
320.47279017798735,-33.754863540113156,2.0
326.2178942529219,-30.644964611902086,2.0
321.70082633926825,-32.90924757393808,2.0
164.06909184877406,-20.95634583127638,2.0
166.96331890656236,-23.048546493222368,2.0
153.89386647822315,-19.813490126656774,2.0
161.085887061873,-17.342586928370352,2.0
158.52402304958179,-21.34788738599182,2.0
180.60436238623555,-19.39141919245459,2.0
153.203205700323,-18.258301838798516,2.0
180.921792782837,1.7221400300461311,2.0
185.89941380345616,-0.20192098941579698,2.0
206.63324916282627,-15.134041248684573,2.0
202.700078033224,-9.862630284331393,2.0
205.25183076339013,-13.87492517530177,2.0
209.5403933127299,-11.048392443217631,2.0
162.00237405126757,-47.010843837853,2.0
157.96787698607113,-41.616188560662955,2.0
162.55835693116452,-35.38244434300276,2.0
160.04872475487508,-32.450406763927,2.0
149.53116864726968,-43.271911603933965,2.0
155.4823963905924,-33.68771240877097,2.0
153.64371160478342,-28.34818864774671,2.0
158.04504061524366,-37.63294522306785,2.0
149.34026591062715,-39.36308656170222,2.0
152.8119917544651,-38.389155890844926,2.0
160.19955690541335,-35.577483028670045,2.0
150.2517632604415,-46.55236861025462,2.0
160.2135967038487,-37.05840889499319,2.0
325.3529855935398,-2.9207471638686346,2.0
50.14730457895836,-32.58136086849133,2.0
58.426831377002934,-36.31713306068735,2.0
56.74769684502736,-36.49257235082898,2.0
54.09843961313291,-33.26919562901536,2.0
347.5388156961658,-15.545569336677913,2.0
173.0264646630278,-12.089933686394245,2.0
316.3084873396884,-0.7240117443352656,2.0
313.0789865277396,1.2768898013588845,2.0
345.72454506184835,1.077311991746395,2.0
49.62107027321726,-0.01125489286717643,2.0
300.9234978054096,-1.1316144452949477,2.0
300.74169500895164,-0.06732510498022097,2.0
300.6148434745698,-0.41733140946496583,2.0
300.75483447558065,-0.10013307610812784,2.0
338.92938653521645,-0.9101558150095174,2.0
319.19960702683625,-1.349020329092956,2.0
303.4918096479456,-1.0783789591971673,2.0
309.6044253203391,0.026853171380213203,2.0
321.86021554818984,0.8284795660034928,2.0
320.90006167623477,0.9378980724247419,2.0
335.90012802575814,-28.527653500762096,2.0
7.906256073243137,-29.47091029710251,2.0
318.85570780610004,-29.34497081349695,2.0
315.29975578543895,-25.31877975974974,2.0
314.8059686215173,-50.884604364855726,2.0
164.7057269117414,-18.604000170224285,2.0
171.72969744006403,-23.115863521274214,2.0
170.4948938139312,-16.87545690623299,2.0
174.12068360627623,-19.41389514476072,2.0
174.94789071139556,-21.955696720076112,2.0
153.33643377048128,-21.639923193250556,2.0
151.4741576803664,-19.58111305087112,2.0
155.18046602174618,-20.798507707460985,2.0
150.4061980069312,-12.078887724896672,2.0
149.86750379524292,-13.252131750691166,2.0
170.21590551248383,-20.35156473840706,2.0
186.81268735201184,-2.2946324077978537,2.0
183.6469096827458,-1.9901146185603482,2.0
184.44564666647875,-3.0238585889744214,2.0
207.60910291368498,-10.734915786459737,2.0
202.6486135206169,-13.73251549219285,2.0
206.9335663948835,-3.9160075213015566,2.0
163.87838619755445,-23.527063591200143,2.0
153.09289255686465,-23.451887418156986,2.0
159.96249942943416,-32.65589898958607,2.0
154.02603152330494,-47.796458324101785,2.0
153.75321810682465,-35.68078237361682,2.0
160.3482705534804,-47.21664126344146,2.0
154.2564599411801,-31.406226380112944,2.0
151.44784488907527,-42.1406055255768,2.0
151.02699902735955,-29.809157668119884,2.0
150.09023835702314,-46.36525538809229,2.0
334.1646249202949,-1.5114683355591891,2.0
340.3885682481925,-1.3982589348158114,2.0
55.95149144051901,-34.11479640982247,2.0
73.06060239400423,-37.9919065152491,2.0
65.86292991882347,-36.71093448319227,2.0
66.63402164549336,-30.559529364791057,2.0
48.080691120389034,-31.033090170434228,2.0
71.46895471064742,-36.28488992411335,2.0
74.03903543909098,-32.220447902442,2.0
37.213748859038716,-38.678289488634135,2.0
324.9292153497509,-47.682374311139924,2.0
4.607760742009884,0.9728502461584572,2.0
11.065875879315966,-0.717518646194803,2.0
38.344235357126465,0.8498264300321089,2.0
303.99979420572714,0.4347316160290235,2.0
17.28164156677598,0.11388519628671936,2.0
300.7310181041588,-1.1650885322905635,2.0
300.94074915334073,-1.1602197427639678,2.0
300.65048391977643,-0.5823641645899232,2.0
300.65496890335396,-0.9522416605001051,2.0
300.931269893933,-0.08610314709221138,2.0
301.0699341646362,-0.23713260476792897,2.0
300.97812035145813,-0.22505803120623066,2.0
300.9359466741334,-0.009785250247953228,2.0
12.14637949210302,1.0509885693606407,2.0
318.4776016842348,0.03790568238229138,2.0
34.524644241847646,0.3258019394011645,2.0
314.0606317101171,-0.680733084738148,2.0
11.001100490467781,0.7902004261197328,2.0
301.530901159962,0.9980358073295209,2.0
26.825872324879725,-28.959930249612505,2.0
12.658089163102478,-35.35572685431761,2.0
348.4227967057168,-30.764218147088105,2.0
10.110163421040323,-32.530308386218564,2.0
334.1026448560791,-25.25362510274883,2.0
353.22826977772627,-30.978836100206514,2.0
31.289174577467552,-33.81646052143335,2.0
317.2917660988646,-42.81479353619623,2.0
316.4473878433203,-44.778946345813196,2.0
316.83898080642564,-29.807512287533033,2.0
318.30376863704447,-34.72119089255481,2.0
170.67039859182864,-23.601078987490663,2.0
151.91791072600722,-14.661325722185271,2.0
151.1128838233346,-15.609074529776462,2.0
158.99506830450332,-15.630689547953157,2.0
156.63686859291474,-17.412300113877397,2.0
153.84169340720192,-17.446367703037293,2.0
172.89437567103894,-18.208436773501376,2.0
171.70698884706886,-23.799714600119657,2.0
178.76008765608566,-0.7759232519423958,2.0
177.12641694586807,0.18253968260703474,2.0
179.93407288047914,-2.806737839991691,2.0
185.45165483012556,-3.1012526534206675,2.0
208.77190793029135,-8.503259268717619,2.0
187.40092405572898,-14.112818215612117,2.0
186.48734218564294,-14.564444997034004,2.0
197.59393015971435,-12.750693005966,2.0
157.4160928875041,-36.9999377610388,2.0
160.0612378577796,-25.005234259201504,2.0
154.90931149625092,-32.76719179221572,2.0
153.29096471210073,-38.21499258794901,2.0
163.130444186011,-43.865709148950856,2.0
152.16108097972847,-25.235685623163924,2.0
157.00853498372226,-28.762236985855406,2.0
160.70485556145942,-45.28126884937799,2.0
150.54772356405,-32.938388744899406,2.0
151.20511480780112,-32.01729050407862,2.0
70.13158858337955,-37.475752618252706,2.0
63.26609460487469,-30.82971799215683,2.0
59.20763486983075,-33.12779171719599,2.0
74.67197376855974,-32.32577870784293,2.0
57.509130564336886,-35.8326311130568,2.0
200.88960368905597,-1.5667941259179499,2.0
326.923436863409,-21.013377356796166,2.0
18.006545012765542,0.03484468721629321,2.0
38.20293944460951,0.8607798584028256,2.0
4.9585789543140555,-0.6779700699260857,2.0
22.642393025135533,-0.35181623541062573,2.0
301.0691746179971,-1.3122433997859777,2.0
300.72886597856456,-0.9043298436366114,2.0
300.7428123315277,-1.1789504329039702,2.0
300.8508382521347,-1.166950783730589,2.0
300.74813318182413,-0.4569289599365395,2.0
301.0071537572194,0.006968539752001462,2.0
300.87641552305956,-0.36539357031030156,2.0
301.04262885674086,-0.36035951245781467,2.0
25.61284110043893,0.29165695934751135,2.0
303.37424353784945,1.0608441221589267,2.0
332.36566158168495,-0.8052376045536256,2.0
342.95730339479854,-0.4698259059306293,2.0
19.57552004108609,0.2487480482840988,2.0
309.87801313597913,-0.9432857353934011,2.0
354.3799640317918,0.6822180980944633,2.0
33.39493673004336,0.5388291344152083,2.0
5.6579023182214625,0.08867883371204399,2.0
323.4643830637324,-0.5911801517376837,2.0
322.9592556016735,0.006884555782345701,2.0
332.3654588760257,0.28082892831102396,2.0
301.91561781511723,1.3295845879876291,2.0
193.6363035969289,-16.351049269931643,2.0
194.2304069266052,-18.271838874133124,2.0
21.455380574897077,-28.162097768619763,2.0
342.9879147578966,-29.414118119813367,2.0
26.494261996872442,-30.066569675304155,2.0
332.09518259852865,-27.806803301714982,2.0
13.822378236901503,-30.7610190246928,2.0
334.37452205627085,-26.964997870309,2.0
334.4083960423969,-31.555559614584272,2.0
332.50311376214466,-31.233326489994962,2.0
334.7611824165107,-29.203879062115284,2.0
29.616249460369513,-29.89118548214285,2.0
9.084348244663358,-34.26111400890751,2.0
29.157265018669037,-28.008326584021184,2.0
353.2911331299099,-29.346339363655076,2.0
318.98996430977564,-40.902222445055706,2.0
316.86693506100437,-50.85470069114166,2.0
323.08576530505366,-31.319356564201772,2.0
314.4029040722877,-42.065509091011656,2.0
319.4177811391737,-35.03949048610714,2.0
314.2276438968274,-29.79640195773539,2.0
150.16176096137656,-7.767702676794737,2.0
179.36057503374963,-20.61207584377428,2.0
175.26374204210987,-20.886386537980187,2.0
158.3644572133546,-20.48531124692267,2.0
155.22740991325506,-18.126471114678786,2.0
160.26316665542853,-22.135350949787355,2.0
166.0253362019466,-17.96694336425043,2.0
165.0198883039752,-20.164692680513582,2.0
179.30020308582135,-1.875159806444938,2.0
178.9980365451248,-1.6793509435235419,2.0
184.02250756103234,-2.549090956408892,2.0
180.39875507041762,-0.4780807550549769,2.0
180.0906960738449,-2.72525835885637,2.0
178.67322725776737,-0.59271513643276,2.0
174.59025821079035,-1.3370177736683357,2.0
206.0344451632925,-8.442445342833658,2.0
204.74805781304957,-10.9994305875609,2.0
206.9861996336288,-15.408730689564235,2.0
209.0116324685152,-2.4398085262225853,2.0
185.39336391937871,-14.964030135530917,2.0
157.81696726079667,-42.400684877574044,2.0
164.35618396799785,-45.341502152134865,2.0
159.89505959788653,-33.9386719309509,2.0
161.64273505750919,-36.90984317485161,2.0
154.3398572295716,-30.93716991469004,2.0
154.11691580389632,-26.51769945378335,2.0
157.4560369113502,-26.827560116918175,2.0
152.78917494976116,-42.68538039975413,2.0
153.25389490970045,-28.776082261012018,2.0
153.21091062760345,-46.68724681616797,2.0
163.09466881834265,-45.27926078573923,2.0
150.11227866690743,-26.44353203721493,2.0
158.3792286378692,-33.31468340177555,2.0
161.8476824440615,-45.2522354082082,2.0
150.55881391398,-32.9384168237547,2.0
61.42984081358311,-39.33580169429023,2.0
56.393779746262815,-37.11760710785724,2.0
65.02824515881092,-32.85555378019325,2.0
58.46820891471356,-38.56792611285339,2.0
68.59301627996459,-35.02425304000783,2.0
68.33683087384875,-33.38510466081773,2.0
53.060561547259574,-33.10818101302587,2.0
199.30309369667617,-0.0331601121721209,2.0
325.3529973960878,-48.4640237099505,2.0
317.5970791168939,-58.85215746600413,2.0
353.45353170011316,-1.0438731358199351,2.0
43.13891726995626,0.13672687757300409,2.0
339.69145983544956,0.036572298721785725,2.0
37.58720416243717,0.23216816757937458,2.0
2.328179105177891,-0.6519420575037337,2.0
356.16887664029036,-0.20168237311045215,2.0
304.18851271618945,0.7501210874319612,2.0
301.0116143958364,-0.9378786766977997,2.0
301.0617953993098,-1.341286359815057,2.0
301.07030104071464,-0.8564072096696048,2.0
301.06058425200393,-1.1863847095708624,2.0
300.9108445294392,-0.7224365310948495,2.0
300.80998289594584,-0.6907597475852544,2.0
300.55477022157044,-0.6703873927733182,2.0
301.08353520428227,-1.0173616080999612,2.0
301.0328646876438,-0.5998827733872336,2.0
300.76724759731985,-1.0074371393107548,2.0
300.6433808586586,-0.463363501467672,2.0
300.89827782077447,-0.4506372952308571,2.0
300.9347208277314,-0.4465542029635725,2.0
301.0193938692886,-0.4276911114493977,2.0
300.6559191003798,-0.3557152153082528,2.0
301.0374013560283,-0.28368043259305836,2.0
343.01001877352525,0.21079504991066342,2.0
39.14871940890983,-0.5342706372644691,2.0
11.40456871640676,-30.26995121438128,2.0
28.478164373693463,-34.02786648431184,2.0
33.45630627331382,-33.47385404795327,2.0
351.35069960032405,-30.78027568176242,2.0
332.13743197477373,-31.081411866091948,2.0
331.6677204935942,-25.992457596496816,2.0
317.7237169810505,-26.276821591941825,2.0
323.4838448751153,-30.51631346204062,2.0
317.1237197381657,-42.81481285640995,2.0
316.2623082926752,-44.12672003523885,2.0
325.4997191855506,-30.001133863636806,2.0
316.80299742558554,-31.327888307812994,2.0
180.42835646195311,-16.92379290721972,2.0
173.0792138701351,-21.661910741435744,2.0
176.16450882972998,-20.818146821413194,2.0
180.08481576152255,-21.11840772459296,2.0
149.6220462889289,-19.481958553467425,2.0
152.64013718067835,-16.549887860364322,2.0
152.30305210039353,-14.602026673672041,2.0
159.87746648964597,-21.71429086419384,2.0
179.47609913312544,-1.6377672684560611,2.0
184.3983559599813,0.6016189816506088,2.0
187.84491779500618,-2.863637403356975,2.0
187.6742203418158,0.08586518162885012,2.0
206.43522571147344,-9.544421772276412,2.0
206.6021703108786,-10.236862579131271,2.0
202.81112424087073,-12.44412656859728,2.0
189.4760819743164,-13.750270585053185,2.0
200.05777365086144,-10.105945246479072,2.0
205.3910318871218,-10.014753254018236,2.0
205.82283017590171,-4.490019024899977,2.0
204.87609990273808,-7.33874752336916,2.0
198.372456369232,-12.398523831834456,2.0
156.7371807190874,-40.50327762262371,2.0
152.43253303244373,-36.7737535367255,2.0
153.52309312392578,-26.455560303357167,2.0
165.37107089792138,-23.362435672976993,2.0
155.65773837745573,-26.484415946448067,2.0
164.84041743554369,-26.00104501845025,2.0
156.66785664701092,-32.60800381567117,2.0
151.25386305934282,-41.39411902897829,2.0
150.06256897485665,-41.56294464746175,2.0
162.65806208063898,-43.33458253804519,2.0
159.15125746487595,-46.62424610361841,2.0
151.2967113654461,-25.715935676760836,2.0
152.68080636894956,-42.19880574759379,2.0
164.2194057373469,-28.546586879743373,2.0
150.477365078257,-24.377932572283253,2.0
65.11550821559,-32.92865509512103,2.0
64.62088772954027,-33.088169033595946,2.0
48.09119617544737,-30.9716275312946,2.0
69.30085231930745,-32.16436449339053,2.0
72.89887324526747,-38.36985745026533,2.0
339.20666171031564,0.9038310163367896,2.0
338.096059256585,1.073306407386629,2.0
46.518007067213006,0.21525377030478549,2.0
301.03466661277355,-0.9142901648996652,2.0
301.06113911807444,-1.2757295927222954,2.0
300.663328637143,-0.7668332547811255,2.0
300.79190981538284,-0.6355054286682874,2.0
301.03269392547725,-1.0394359677728209,2.0
300.74073541252784,-0.5531471598522165,2.0
300.8387912866506,-0.5422348300377242,2.0
300.74886152774417,-0.9582146250448925,2.0
300.7403860431112,-0.5146940870929658,2.0
300.8619011454165,-0.5237023752645548,2.0
300.6690692674406,-0.0708757143949305,2.0
300.861670754726,-0.018512625699398128,2.0
301.0561135959221,-0.3718392374369713,2.0
300.6403576099884,-0.25912735297567274,2.0
300.93513521867163,-0.22129093280210846,2.0
300.9161396746554,-0.21033982313527458,2.0
40.24643683967374,0.7627476177593495,2.0
25.98945440811149,0.3857641395648301,2.0
311.8365168802931,0.0021268467006492695,2.0
313.0470803959119,0.03316864888110495,2.0
307.7912767035605,-0.3577547686926619,2.0
18.499852781713418,1.071853078983265,2.0
331.0916474509415,0.7003061124321541,2.0
193.96621629887355,-15.988729866184018,2.0
196.14934471035377,-16.831485745699556,2.0
192.3211701367483,-17.716263817995905,2.0
10.286883421142363,-30.022058188526263,2.0
26.448824421499943,-30.719534565904357,2.0
332.4625259914136,-29.643076395167107,2.0
13.586841416606015,-33.80727409930868,2.0
17.586209937555722,-32.213295193516196,2.0
332.15744931208764,-30.638245601431024,2.0
17.825122222407792,-29.88901513279561,2.0
354.0684171744178,-30.772159005081427,2.0
316.3518647054105,-28.313129445512498,2.0
318.37980218539843,-38.50434075902678,2.0
319.2529005317599,-25.713109374808283,2.0
151.3176380118942,-8.9510535919807,2.0
155.08138553631943,-16.767821568480812,2.0
151.23903939070942,-14.957419159180896,2.0
169.6199073198775,-18.2524302288486,2.0
153.23265913741082,-9.785768097384716,2.0
167.5289862791769,-23.4680331018805,2.0
174.36304911582394,-19.20814125453084,2.0
152.92456012976024,-5.425374277669739,2.0
153.1095998121929,-19.319738308678108,2.0
160.04969165744538,-20.515373451162933,2.0
202.5258614041854,-11.862328320015482,2.0
206.83223599323478,-7.482583193348144,2.0
203.17947718409107,-7.623711926627462,2.0
205.19877483169432,-13.80107060686319,2.0
202.6753465270884,-11.111284007115328,2.0
164.24324975322577,-46.63837100711608,2.0
155.03197486483327,-41.99766023281865,2.0
153.80955837681108,-35.24916209221686,2.0
163.3544777715607,-24.963423207760286,2.0
157.77288290757383,-35.14851984066215,2.0
158.8002200325526,-37.99205111182224,2.0
155.00531743006613,-37.71577684225773,2.0
162.6698851533679,-25.00492437261817,2.0
336.56534904151334,-1.931514319786094,2.0
328.79019896585686,-1.4117109043069616,2.0
62.69551246741594,-38.935218917644676,2.0
56.00322074574657,-33.08830307709804,2.0
59.25324389277852,-33.61751966481372,2.0
65.7471407009181,-30.2603558498819,2.0
53.81073597163909,-31.60959096906892,2.0
52.799546980797366,-31.207417420099375,2.0
50.04392259322714,-36.93513057506685,2.0
347.7073796367574,-16.23766599910389,2.0
347.5148636864803,-15.600758820001868,2.0
323.93136588690857,-1.0239644186067787,2.0
341.71636161968155,-0.030618749981160563,2.0
4.474256625814649,0.8493703288672522,2.0
336.7565790194236,-0.19451631724468246,2.0
316.13206888523496,0.48335546534899454,2.0
300.85272279515755,-1.3554511130935607,2.0
300.5272830751909,-0.9273598952327383,2.0
301.0728568526115,-0.5099903889271904,2.0
300.8645503741173,-0.4945172417342503,2.0
301.0512712679766,-1.2871269998611838,2.0
300.8799403869556,-0.4805440045737295,2.0
300.604020304633,-1.1773318339411136,2.0
301.09931795201913,-1.0580239132030311,2.0
301.00555271527264,-0.21206490617518184,2.0
301.03504429182595,-0.6027637576556054,2.0
300.64105019759836,-0.02527117884189156,2.0
56.4068185365494,-1.3283217479210592,2.0
310.9065583641982,0.6053855430927926,2.0
308.3933986165383,-0.09270536942696317,2.0
196.24113026329604,-17.100690057854127,2.0
337.8556584081289,-29.988724810769256,2.0
21.41808614673413,-28.632857036393812,2.0
2.2455047539262902,-30.092601248385808,2.0
26.811307259984112,-32.91032930382133,2.0
29.37552409306638,-33.31589734612382,2.0
329.24145257262467,-30.970821622082525,2.0
11.86153543175565,-30.90573812797847,2.0
31.004357778636773,-31.514236732501896,2.0
21.148231482536826,-34.702280132681764,2.0
354.506303931603,-30.256400775586787,2.0
316.39967328073476,-47.893342616549994,2.0
150.7952380926475,-10.56984698653009,2.0
166.99000764626328,-19.80465078840707,2.0
152.01005967044685,-15.067043801231295,2.0
152.2917130570073,-9.111956496955159,2.0
174.84720372026132,-21.85224546997691,2.0
150.04045410113122,-18.079629880025713,2.0
166.82474349524708,-21.01313082859896,2.0
179.20840718475853,-22.74225216190734,2.0
160.44125327113537,-16.962182231890754,2.0
166.08616115910908,-23.61983195049604,2.0
183.3590483979413,0.08479791948082295,2.0
183.80710798977964,-1.7782006734153235,2.0
202.18644163759723,-12.274765232172001,2.0
189.51209486750918,-14.238991859392279,2.0
187.14039243522714,-14.934544660824997,2.0
202.79257445808656,-14.829173570228354,2.0
205.38906232163862,-4.226027495119889,2.0
199.1244298921427,-10.424398778791085,2.0
151.92635729368226,-28.434829238684017,2.0
161.4441364561643,-36.54694301592071,2.0
155.96548955567525,-35.23328624102957,2.0
156.85860144080107,-29.299656754702024,2.0
152.6612336175394,-25.058554576797377,2.0
159.7648332687733,-27.40832805496039,2.0
152.48711823948125,-41.37385588370712,2.0
163.8209226142584,-44.69815070046939,2.0
151.97208849564197,-36.214008344876916,2.0
159.67377554048352,-34.26241502737588,2.0
159.4056779229584,-33.54525281989113,2.0
50.897031921488875,-36.616515954879965,2.0
66.06259513680004,-39.13963918433756,2.0
70.77698105127098,-38.94365412980159,2.0
49.2878260528247,0.842996813987001,2.0
17.86813658313074,0.02869744834659133,2.0
5.9829866240948695,-1.3473906426787803,2.0
320.77984086753014,-0.6859141549283588,2.0
301.0685291219648,-0.8547169403064367,2.0
300.8392879826791,-0.8094705880485641,2.0
300.7957285702475,-0.3489490365838045,2.0
300.80999705284006,-0.2499621036191838,2.0
300.9498280923816,-0.20725064687457787,2.0
301.0015767022062,-0.6082241412092136,2.0
301.0686767547893,-0.18694687434710341,2.0
300.2921887411124,-0.5312836767589465,2.0
39.51783882095801,1.1814393620189443,2.0
50.598240165986425,0.9202229621445511,2.0
311.21625314517314,0.6730684491672361,2.0
19.115884120530225,1.2511265823683608,2.0
2.038930048182944,0.8264638152844974,2.0
309.03180797574356,0.6690354730064543,2.0
322.568571698443,-1.0562482244550973,2.0
332.32236929330867,1.1542287770162636,2.0
3.4346551863958563,-30.656184373693193,2.0
24.742179617802723,-28.252963397546687,2.0
355.0110791347322,-29.28398897184981,2.0
315.3192713272762,-50.47593850074154,2.0
316.551041163186,-44.77927527414461,2.0
316.3935329822705,-30.245859900064794,2.0
320.40873781798746,-30.439276892176736,2.0
169.7968740717332,-23.065849088435645,2.0
150.98359084625665,-11.074830201571785,2.0
171.63124419991254,-21.036610689116184,2.0
174.90109106318027,-22.14034457493684,2.0
168.06469072794425,-24.416996657728905,2.0
171.5105453235236,-19.431792756650193,2.0
156.84854180126786,-20.5831425106976,2.0
151.22884897893928,-5.884141564928363,2.0
170.89801827214058,-20.073021107168287,2.0
162.25290983347614,-17.306067418798325,2.0
155.03405328263037,-17.627830516112194,2.0
187.12373780041742,-0.866234111145174,2.0
197.66485864220303,-12.748204612788783,2.0
165.18969529648908,-23.304987758203968,2.0
164.67631329403213,-24.404261095064413,2.0
163.8772626780338,-32.85089840543282,2.0
153.92845703917604,-34.95312541192578,2.0
153.0828928793765,-37.88076234165835,2.0
161.24585405764813,-39.24629837832695,2.0
155.0775457637677,-30.00981548206767,2.0
152.09927004971996,-33.74140688116205,2.0
162.51726035025513,-45.27952578194295,2.0
164.13841898267842,-45.26774076409917,2.0
152.83825399463385,-24.154939696753683,2.0
158.91641703708513,-33.46295344792378,2.0
160.12293918849988,-29.910005145565634,2.0
324.0063236428924,-3.0434216170812705,2.0
56.10193153504484,-37.06039810082772,2.0
59.623171389690654,-36.483665616905284,2.0
73.82755665368339,-37.961183713966626,2.0
55.36765312479217,-33.64785681053523,2.0
62.151159665351486,-33.976444876734725,2.0
59.70879254996271,-38.09392633088924,2.0
63.68626194448439,-38.83885116585975,2.0
51.48028596578508,-32.88302604889567,2.0
199.16583747868032,-1.1111493937677432,2.0
200.0977807916915,-0.7918937289501875,2.0
217.03873405944617,4.993142062202812,2.0
12.680255598638361,-0.004367421676519809,2.0
9.360479756085526,-1.2879322111912523,2.0
1.6582813732829773,-0.6156060790712984,2.0
357.14762934629795,-1.0061829511443683,2.0
356.85135573556204,0.039937248468156855,2.0
351.56704799130637,0.47479081977871684,2.0
305.2492779713472,0.04900077812042052,2.0
304.9664054868261,0.04206786744129742,2.0
47.34240193640671,0.8495076696737619,2.0
315.5816545083533,0.5270822246636507,2.0
299.78360228850084,-1.3392946630420408,2.0
300.86304483407986,-1.2991908360402882,2.0
300.90281535425555,-1.1679203470304547,2.0
300.7614543938572,-1.09186410687589,2.0
300.68563808807363,-0.45455002321593035,2.0
301.0483532960137,-0.432508129237737,2.0
300.97513913263003,-0.9885347935741203,2.0
300.6930747838074,-0.3496634373928139,2.0
300.76646438779267,-0.5991880949068918,2.0
300.7878740028306,-0.5964979562098386,2.0
300.9438298491954,-0.5471499604572799,2.0
7.823701945596341,0.28473852238350517,2.0
52.78822496215591,0.20027546680022829,2.0
328.10507939910855,-0.03232017860426763,2.0
343.5498267824822,-0.8303920878390473,2.0
347.6855555089027,-0.42171644473129266,2.0
308.3843063098555,-0.5679599135721372,2.0
306.06106941226034,-0.010003753049734582,2.0
35.93801068493996,-0.8130999484062221,2.0
192.4245041476508,-16.624551757707756,2.0
196.02172364513808,-16.135501868816597,2.0
21.467237776089064,-33.471113182470724,2.0
11.274860264186074,-30.02379182703035,2.0
26.215708630218288,-30.886626566156732,2.0
329.2013827611666,-31.296935583401968,2.0
331.92401027462336,-28.373173898991613,2.0
332.7767616492316,-27.684639400575765,2.0
350.768128566963,-30.802955963478894,2.0
17.570965126268383,-30.29960925182497,2.0
22.141242379524098,-35.52890271179632,2.0
330.81751233943703,-26.907577242973503,2.0
7.587695785970948,-29.30307049138597,2.0
30.91449801304501,-33.85209446128753,2.0
317.1575772920901,-40.07310896269319,2.0
319.92652039472546,-30.20957207341056,2.0
150.65352373367662,-8.57744527896172,2.0
171.71462085595923,-22.67303769311509,2.0
155.24927241005327,-16.733295241446182,2.0
171.3102735804809,-21.70097789428583,2.0
179.56217242982387,-21.617734277734122,2.0
152.15615897455504,-5.688186762952681,2.0
157.5721769146539,-15.453990556928161,2.0
149.5589181105314,-5.352233816869826,2.0
175.218869861953,-1.2737271216017594,2.0
175.8722683259682,-2.0554055350002094,2.0
184.67569397473275,0.5825383312585467,2.0
175.58242453130453,0.2568768029927286,2.0
174.1646829325519,2.0133163102805103,2.0
196.39179922106942,-13.37076847853298,2.0
198.84646180500508,-12.774156456673696,2.0
192.6217934326209,-14.252040735852814,2.0
186.23774189388755,-14.87439196330747,2.0
204.87146093239102,-7.129832402042779,2.0
153.26899216941948,-24.54529802877353,2.0
163.72800439560493,-28.777295260453982,2.0
155.10118483134866,-34.71767074380409,2.0
161.12859754401143,-46.692487636508766,2.0
154.94671487846094,-29.452356522512385,2.0
153.07926515033884,-32.950503915880134,2.0
153.43528481533764,-29.60979393585056,2.0
150.34305416196275,-24.184322408374864,2.0
15.913309252130196,1.1388130781475485,2.0
323.8609554573302,-0.8571896274602386,2.0
326.09560224278033,-29.91639450734865,2.0
180.02723772075691,-0.17850386532122053,2.0
156.73709900864853,-30.76818073572321,2.0
338.82674120291733,-0.46509844045227505,2.0
163.6492569236074,-27.5597204841167,2.0
23.263275361486848,0.8507851539282231,2.0
22.025019011931526,-28.89939832222917,2.0
171.905144648214,-22.181184563511202,2.0
165.71944547322033,-18.276049204573795,2.0
332.3250882589719,1.1897825329487246,2.0
24.25820492552247,-28.42284241839054,2.0
29.67764918659899,-29.6398590286624,2.0
173.05272160812288,-21.559611465537255,2.0
157.39542858605117,-35.524983543799316,2.0
11.359147928044298,-29.298359446363328,2.0
10.532306720468487,-29.736133119559966,2.0
320.20934017538815,-28.648194217438316,2.0
325.93507236685474,-21.477605888195146,2.0
174.3444074235374,-3.3125929783660943,2.0
327.127535195112,-0.797904422039106,2.0
331.01569880774014,1.1074578620103064,2.0
28.19681124184145,-29.890677621942874,2.0
42.22020967186947,-0.34502876439944874,2.0
